alpha(x) =  0.500  beta(v) =  0.700  delta (t) = 0.050Free stream: density =  1.000  velocity = -1.000  temperature =  1.000  Execution time =    20.15 s
vxmax=   7.00  vxmin=  -7.00  vymax=   7.00  vymin=  -7.00  vzmax=   7.00  vzmin=  -7.00
x, t=      0.0, t=      5.0, t=     10.0, t=     15.0, t=     20.0, t=     25.0, t=     30.0, t=     35.0, t=     40.0, t=     45.0, t=     50.0,
    0.000000,       0.000000,      -0.001446,      -0.000494,      -0.000219,      -0.000112,      -0.000062,      -0.000036,      -0.000021,      -0.000012,      -0.000006,      -0.000002,
    0.500000,       0.000000,      -0.010346,      -0.004338,      -0.001928,      -0.000970,      -0.000531,      -0.000304,      -0.000175,      -0.000098,      -0.000050,      -0.000018,
    1.000000,       0.000000,      -0.014418,      -0.007791,      -0.003541,      -0.001790,      -0.000982,      -0.000562,      -0.000325,      -0.000181,      -0.000091,      -0.000032,
    1.500000,       0.000000,      -0.011016,      -0.010534,      -0.004974,      -0.002541,      -0.001399,      -0.000803,      -0.000463,      -0.000258,      -0.000128,      -0.000044,
    2.000000,       0.000000,       0.001606,      -0.012311,      -0.006157,      -0.003193,      -0.001769,      -0.001017,      -0.000587,      -0.000325,      -0.000160,      -0.000052,
    2.500000,       0.000000,       0.024495,      -0.012940,      -0.007034,      -0.003722,      -0.002079,      -0.001199,      -0.000691,      -0.000381,      -0.000183,      -0.000054,
    3.000000,       0.000000,       0.058197,      -0.012308,      -0.007567,      -0.004110,      -0.002319,      -0.001342,      -0.000772,      -0.000422,      -0.000198,      -0.000051,
    3.500000,       0.000000,       0.102781,      -0.010357,      -0.007740,      -0.004345,      -0.002481,      -0.001442,      -0.000828,      -0.000447,      -0.000202,      -0.000040,
    4.000000,       0.000000,       0.157589,      -0.007064,      -0.007550,      -0.004422,      -0.002562,      -0.001495,      -0.000855,      -0.000454,      -0.000194,      -0.000022,
    4.500000,       0.000000,       0.220663,      -0.002406,      -0.007012,      -0.004344,      -0.002560,      -0.001501,      -0.000854,      -0.000443,      -0.000175,       0.000004,
    5.000000,       0.000000,       0.287987,       0.003666,      -0.006150,      -0.004118,      -0.002476,      -0.001458,      -0.000822,      -0.000413,      -0.000143,       0.000039,
    5.500000,       0.000000,       0.352925,       0.011260,      -0.004995,      -0.003756,      -0.002316,      -0.001369,      -0.000761,      -0.000363,      -0.000097,       0.000082,
    6.000000,       0.000000,       0.406572,       0.020567,      -0.003580,      -0.003274,      -0.002084,      -0.001235,      -0.000672,      -0.000295,      -0.000040,       0.000134,
    6.500000,       0.000000,       0.439654,       0.031880,      -0.001933,      -0.002693,      -0.001790,      -0.001061,      -0.000555,      -0.000208,       0.000030,       0.000194,
    7.000000,       0.000000,       0.445793,       0.045605,      -0.000071,      -0.002033,      -0.001444,      -0.000851,      -0.000414,      -0.000105,       0.000112,       0.000262,
    7.500000,       0.000000,       0.424456,       0.062251,       0.002000,      -0.001313,      -0.001056,      -0.000611,      -0.000252,       0.000013,       0.000204,       0.000338,
    8.000000,       0.000000,       0.381417,       0.082399,       0.004295,      -0.000552,      -0.000637,      -0.000346,      -0.000071,       0.000144,       0.000305,       0.000420,
    8.500000,       0.000000,       0.326171,       0.106632,       0.006852,       0.000232,      -0.000199,      -0.000063,       0.000124,       0.000287,       0.000414,       0.000507,
    9.000000,       0.000000,       0.268159,       0.135401,       0.009740,       0.001028,       0.000248,       0.000231,       0.000329,       0.000438,       0.000530,       0.000600,
    9.500000,       0.000000,       0.214160,       0.168819,       0.013059,       0.001825,       0.000693,       0.000531,       0.000542,       0.000595,       0.000651,       0.000696,
   10.000000,       0.000000,       0.167683,       0.206370,       0.016949,       0.002622,       0.001128,       0.000829,       0.000757,       0.000755,       0.000775,       0.000794,
   10.500000,       0.000000,       0.129684,       0.246568,       0.021594,       0.003421,       0.001546,       0.001121,       0.000972,       0.000917,       0.000901,       0.000894,
   11.000000,       0.000000,       0.099624,       0.286671,       0.027231,       0.004231,       0.001940,       0.001402,       0.001182,       0.001078,       0.001027,       0.000994,
   11.500000,       0.000000,       0.076323,       0.322652,       0.034154,       0.005069,       0.002307,       0.001666,       0.001384,       0.001234,       0.001150,       0.001093,
   12.000000,       0.000000,       0.058472,       0.349676,       0.042719,       0.005961,       0.002645,       0.001911,       0.001575,       0.001385,       0.001271,       0.001189,
   12.500000,       0.000000,       0.044875,       0.363202,       0.053343,       0.006940,       0.002953,       0.002134,       0.001753,       0.001528,       0.001386,       0.001282,
   13.000000,       0.000000,       0.034536,       0.360450,       0.066500,       0.008052,       0.003234,       0.002332,       0.001916,       0.001662,       0.001496,       0.001370,
   13.500000,       0.000000,       0.026666,       0.341549,       0.082696,       0.009357,       0.003491,       0.002505,       0.002062,       0.001784,       0.001598,       0.001453,
   14.000000,       0.000000,       0.020659,       0.309637,       0.102417,       0.010929,       0.003729,       0.002652,       0.002190,       0.001895,       0.001692,       0.001530,
   14.500000,       0.000000,       0.016056,       0.269768,       0.126048,       0.012860,       0.003958,       0.002774,       0.002299,       0.001992,       0.001776,       0.001599,
   15.000000,       0.000000,       0.012512,       0.227268,       0.153724,       0.015267,       0.004187,       0.002871,       0.002389,       0.002076,       0.001851,       0.001661,
   15.500000,       0.000000,       0.009772,       0.186401,       0.185135,       0.018292,       0.004430,       0.002946,       0.002460,       0.002145,       0.001915,       0.001714,
   16.000000,       0.000000,       0.007646,       0.149828,       0.219277,       0.022112,       0.004702,       0.003001,       0.002512,       0.002201,       0.001968,       0.001758,
   16.500000,       0.000000,       0.005989,       0.118711,       0.254219,       0.026943,       0.005023,       0.003038,       0.002547,       0.002242,       0.002011,       0.001793,
   17.000000,       0.000000,       0.004693,       0.093157,       0.287006,       0.033047,       0.005417,       0.003062,       0.002564,       0.002269,       0.002043,       0.001818,
   17.500000,       0.000000,       0.003678,       0.072676,       0.313869,       0.040736,       0.005913,       0.003076,       0.002567,       0.002284,       0.002064,       0.001833,
   18.000000,       0.000000,       0.002881,       0.056526,       0.330875,       0.050376,       0.006548,       0.003085,       0.002555,       0.002286,       0.002075,       0.001838,
   18.500000,       0.000000,       0.002253,       0.043920,       0.334965,       0.062379,       0.007364,       0.003095,       0.002531,       0.002276,       0.002075,       0.001834,
   19.000000,       0.000000,       0.001758,       0.034143,       0.325016,       0.077191,       0.008417,       0.003110,       0.002497,       0.002255,       0.002067,       0.001819,
   19.500000,       0.000000,       0.001369,       0.026583,       0.302353,       0.095248,       0.009774,       0.003139,       0.002454,       0.002225,       0.002049,       0.001794,
   20.000000,       0.000000,       0.001062,       0.020744,       0.270379,       0.116910,       0.011519,       0.003190,       0.002404,       0.002186,       0.002024,       0.001760,
   20.500000,       0.000000,       0.000821,       0.016233,       0.233481,       0.142345,       0.013756,       0.003272,       0.002350,       0.002140,       0.001991,       0.001715,
   21.000000,       0.000000,       0.000633,       0.012741,       0.195802,       0.171364,       0.016614,       0.003396,       0.002293,       0.002087,       0.001951,       0.001661,
   21.500000,       0.000000,       0.000485,       0.010034,       0.160428,       0.203205,       0.020252,       0.003577,       0.002236,       0.002029,       0.001905,       0.001597,
   22.000000,       0.000000,       0.000370,       0.007929,       0.129152,       0.236323,       0.024866,       0.003831,       0.002181,       0.001967,       0.001854,       0.001522,
   22.500000,       0.000000,       0.000281,       0.006286,       0.102668,       0.268253,       0.030694,       0.004179,       0.002132,       0.001901,       0.001799,       0.001438,
   23.000000,       0.000000,       0.000213,       0.005002,       0.080916,       0.295709,       0.038023,       0.004646,       0.002090,       0.001834,       0.001740,       0.001344,
   23.500000,       0.000000,       0.000160,       0.003993,       0.063429,       0.315043,       0.047189,       0.005263,       0.002060,       0.001766,       0.001678,       0.001239,
   24.000000,       0.000000,       0.000119,       0.003199,       0.049573,       0.323086,       0.058575,       0.006071,       0.002045,       0.001698,       0.001614,       0.001124,
   24.500000,       0.000000,       0.000088,       0.002571,       0.038699,       0.318133,       0.072600,       0.007119,       0.002049,       0.001631,       0.001548,       0.000997,
   25.000000,       0.000000,       0.000065,       0.002072,       0.030214,       0.300615,       0.089681,       0.008469,       0.002077,       0.001566,       0.001480,       0.000858,
   25.500000,       0.000000,       0.000048,       0.001676,       0.023615,       0.273059,       0.110182,       0.010196,       0.002137,       0.001504,       0.001412,       0.000707,
   26.000000,       0.000000,       0.000035,       0.001359,       0.018490,       0.239299,       0.134307,       0.012399,       0.002236,       0.001446,       0.001344,       0.000542,
   26.500000,       0.000000,       0.000025,       0.001106,       0.014509,       0.203355,       0.161959,       0.015197,       0.002383,       0.001394,       0.001275,       0.000364,
   27.000000,       0.000000,       0.000018,       0.000902,       0.011415,       0.168521,       0.192541,       0.018739,       0.002591,       0.001348,       0.001207,       0.000171,
   27.500000,       0.000000,       0.000013,       0.000738,       0.009005,       0.136953,       0.224753,       0.023209,       0.002874,       0.001311,       0.001140,      -0.000038,
   28.000000,       0.000000,       0.000009,       0.000605,       0.007125,       0.109698,       0.256435,       0.028831,       0.003252,       0.001283,       0.001074,      -0.000262,
   28.500000,       0.000000,       0.000006,       0.000497,       0.005654,       0.086972,       0.284597,       0.035875,       0.003746,       0.001267,       0.001009,      -0.000503,
   29.000000,       0.000000,       0.000004,       0.000409,       0.004500,       0.068487,       0.305760,       0.044660,       0.004388,       0.001265,       0.000945,      -0.000761,
   29.500000,       0.000000,       0.000003,       0.000338,       0.003592,       0.053707,       0.316675,       0.055552,       0.005214,       0.001280,       0.000882,      -0.001036,
   30.000000,       0.000000,       0.000002,       0.000279,       0.002877,       0.042027,       0.315252,       0.068956,       0.006269,       0.001316,       0.000821,      -0.001327,
   30.500000,       0.000000,       0.000001,       0.000232,       0.002310,       0.032866,       0.301329,       0.085282,       0.007614,       0.001377,       0.000762,      -0.001634,
   31.000000,       0.000000,       0.000001,       0.000192,       0.001861,       0.025712,       0.276830,       0.104902,       0.009319,       0.001469,       0.000705,      -0.001954,
   31.500000,       0.000000,       0.000001,       0.000160,       0.001503,       0.020140,       0.245192,       0.128055,       0.011478,       0.001599,       0.000650,      -0.002285,
   32.000000,       0.000000,       0.000000,       0.000133,       0.001217,       0.015803,       0.210340,       0.154718,       0.014203,       0.001776,       0.000598,      -0.002622,
   32.500000,       0.000000,       0.000000,       0.000111,       0.000989,       0.012427,       0.175716,       0.184423,       0.017636,       0.002012,       0.000549,      -0.002962,
   33.000000,       0.000000,       0.000000,       0.000093,       0.000805,       0.009795,       0.143743,       0.216056,       0.021953,       0.002320,       0.000504,      -0.003297,
   33.500000,       0.000000,       0.000000,       0.000078,       0.000658,       0.007741,       0.115738,       0.247685,       0.027367,       0.002719,       0.000465,      -0.003618,
   34.000000,       0.000000,       0.000000,       0.000065,       0.000538,       0.006134,       0.092130,       0.276538,       0.034136,       0.003230,       0.000433,      -0.003916,
   34.500000,       0.000000,       0.000000,       0.000055,       0.000442,       0.004875,       0.072766,       0.299264,       0.042566,       0.003882,       0.000411,      -0.004177,
   35.000000,       0.000000,       0.000000,       0.000046,       0.000363,       0.003884,       0.057187,       0.312553,       0.053012,       0.004710,       0.000402,      -0.004386,
   35.500000,       0.000000,       0.000000,       0.000039,       0.000299,       0.003104,       0.044817,       0.314019,       0.065867,       0.005760,       0.000411,      -0.004524,
   36.000000,       0.000000,       0.000000,       0.000033,       0.000247,       0.002487,       0.035081,       0.303029,       0.081540,       0.007086,       0.000445,      -0.004568,
   36.500000,       0.000000,       0.000000,       0.000027,       0.000205,       0.001999,       0.027460,       0.281016,       0.100410,       0.008761,       0.000512,      -0.004492,
   37.000000,       0.000000,       0.000000,       0.000023,       0.000170,       0.001610,       0.021513,       0.251085,       0.122748,       0.010872,       0.000625,      -0.004266,
   37.500000,       0.000000,       0.000000,       0.000019,       0.000141,       0.001301,       0.016879,       0.217067,       0.148594,       0.013528,       0.000797,      -0.003852,
   38.000000,       0.000000,       0.000000,       0.000016,       0.000118,       0.001054,       0.013269,       0.182523,       0.177589,       0.016869,       0.001051,      -0.003208,
   38.500000,       0.000000,       0.000000,       0.000014,       0.000098,       0.000856,       0.010453,       0.150103,       0.208772,       0.021062,       0.001413,      -0.002286,
   39.000000,       0.000000,       0.000000,       0.000012,       0.000082,       0.000697,       0.008256,       0.121359,       0.240403,       0.026316,       0.001918,      -0.001026,
   39.500000,       0.000000,       0.000000,       0.000010,       0.000069,       0.000569,       0.006536,       0.096906,       0.269899,       0.032883,       0.002613,       0.000636,
   40.000000,       0.000000,       0.000000,       0.000008,       0.000058,       0.000465,       0.005189,       0.076713,       0.294021,       0.041064,       0.003558,       0.002776,
   40.500000,       0.000000,       0.000000,       0.000007,       0.000048,       0.000382,       0.004130,       0.060386,       0.309418,       0.051209,       0.004830,       0.005480,
   41.000000,       0.000000,       0.000000,       0.000006,       0.000041,       0.000314,       0.003297,       0.047376,       0.313462,       0.063710,       0.006530,       0.008844,
   41.500000,       0.000000,       0.000000,       0.000005,       0.000034,       0.000258,       0.002639,       0.037109,       0.305112,       0.078984,       0.008786,       0.012974,
   42.000000,       0.000000,       0.000000,       0.000004,       0.000029,       0.000213,       0.002117,       0.029059,       0.285363,       0.097429,       0.011761,       0.017985,
   42.500000,       0.000000,       0.000000,       0.000004,       0.000024,       0.000176,       0.001704,       0.022769,       0.257001,       0.119359,       0.015659,       0.023995,
   43.000000,       0.000000,       0.000000,       0.000003,       0.000021,       0.000146,       0.001375,       0.017865,       0.223755,       0.144881,       0.020737,       0.031126,
   43.500000,       0.000000,       0.000000,       0.000003,       0.000018,       0.000122,       0.001112,       0.014042,       0.189282,       0.173745,       0.027312,       0.039489,
   44.000000,       0.000000,       0.000000,       0.000002,       0.000015,       0.000101,       0.000902,       0.011062,       0.156436,       0.205138,       0.035768,       0.049182,
   44.500000,       0.000000,       0.000000,       0.000002,       0.000013,       0.000084,       0.000734,       0.008736,       0.126989,       0.237498,       0.046565,       0.060271,
   45.000000,       0.000000,       0.000000,       0.000002,       0.000011,       0.000071,       0.000598,       0.006918,       0.101737,       0.268411,       0.060240,       0.072781,
   45.500000,       0.000000,       0.000000,       0.000001,       0.000009,       0.000059,       0.000489,       0.005494,       0.080767,       0.294748,       0.077399,       0.086680,
   46.000000,       0.000000,       0.000000,       0.000001,       0.000008,       0.000050,       0.000401,       0.004377,       0.063749,       0.313128,       0.098703,       0.101877,
   46.500000,       0.000000,       0.000000,       0.000001,       0.000007,       0.000042,       0.000330,       0.003499,       0.050163,       0.320723,       0.124835,       0.118229,
   47.000000,       0.000000,       0.000000,       0.000001,       0.000006,       0.000035,       0.000272,       0.002808,       0.039440,       0.316162,       0.156471,       0.135605,
   47.500000,       0.000000,       0.000000,       0.000001,       0.000005,       0.000030,       0.000226,       0.002263,       0.031048,       0.300110,       0.194271,       0.154037,
   48.000000,       0.000000,       0.000000,       0.000001,       0.000004,       0.000025,       0.000188,       0.001834,       0.024522,       0.275193,       0.239005,       0.174085,
   48.500000,       0.000000,       0.000000,       0.000000,       0.000004,       0.000022,       0.000157,       0.001496,       0.019478,       0.245258,       0.292032,       0.197665,
   49.000000,       0.000000,       0.000000,       0.000000,       0.000003,       0.000019,       0.000133,       0.001231,       0.015611,       0.214369,       0.356732,       0.229946,
   49.500000,       0.000000,       0.000000,       0.000000,       0.000003,       0.000016,       0.000113,       0.001025,       0.012683,       0.185984,       0.442328,       0.283980,
