alpha(x) =  0.500  beta(v) =  0.700  delta (t) = 0.050Free stream: density =  1.000  velocity = -1.000  temperature =  1.000  Execution time =    20.15 s
vxmax=   7.00  vxmin=  -7.00  vymax=   7.00  vymin=  -7.00  vzmax=   7.00  vzmin=  -7.00
x, t=      0.0, t=      5.0, t=     10.0, t=     15.0, t=     20.0, t=     25.0, t=     30.0, t=     35.0, t=     40.0, t=     45.0, t=     50.0,
    0.000000,      -0.000000,       0.000000,      -0.000000,      -0.000000,       0.000000,      -0.000000,       0.000000,       0.000000,       0.000000,      -0.000000,       0.000000,
    0.500000,      -0.000000,       0.000000,       0.000000,      -0.000000,      -0.000000,      -0.000000,      -0.000000,       0.000000,      -0.000000,      -0.000000,       0.000000,
    1.000000,      -0.000000,       0.000000,       0.000000,       0.000000,      -0.000000,      -0.000000,      -0.000000,       0.000000,      -0.000000,      -0.000000,      -0.000000,
    1.500000,      -0.000000,      -0.000000,       0.000000,       0.000000,      -0.000000,       0.000000,       0.000000,      -0.000000,       0.000000,      -0.000000,      -0.000000,
    2.000000,      -0.000000,      -0.000000,       0.000000,      -0.000000,      -0.000000,      -0.000000,       0.000000,      -0.000000,      -0.000000,       0.000000,       0.000000,
    2.500000,      -0.000000,      -0.000000,      -0.000000,       0.000000,      -0.000000,      -0.000000,      -0.000000,      -0.000000,      -0.000000,       0.000000,       0.000000,
    3.000000,      -0.000000,       0.000000,       0.000000,       0.000000,      -0.000000,      -0.000000,       0.000000,      -0.000000,       0.000000,       0.000000,       0.000000,
    3.500000,      -0.000000,       0.000000,      -0.000000,      -0.000000,      -0.000000,      -0.000000,       0.000000,      -0.000000,       0.000000,       0.000000,      -0.000000,
    4.000000,      -0.000000,      -0.000000,      -0.000000,      -0.000000,       0.000000,       0.000000,      -0.000000,       0.000000,       0.000000,       0.000000,       0.000000,
    4.500000,      -0.000000,       0.000000,      -0.000000,       0.000000,      -0.000000,       0.000000,      -0.000000,      -0.000000,       0.000000,       0.000000,       0.000000,
    5.000000,      -0.000000,      -0.000000,      -0.000000,       0.000000,       0.000000,       0.000000,      -0.000000,      -0.000000,       0.000000,       0.000000,       0.000000,
    5.500000,      -0.000000,      -0.000000,      -0.000000,       0.000000,      -0.000000,       0.000000,      -0.000000,      -0.000000,      -0.000000,      -0.000000,      -0.000000,
    6.000000,      -0.000000,       0.000000,      -0.000000,      -0.000000,      -0.000000,      -0.000000,      -0.000000,      -0.000000,      -0.000000,      -0.000000,       0.000000,
    6.500000,      -0.000000,      -0.000000,      -0.000000,      -0.000000,      -0.000000,       0.000000,       0.000000,      -0.000000,       0.000000,       0.000000,       0.000000,
    7.000000,      -0.000000,      -0.000000,      -0.000000,      -0.000000,      -0.000000,      -0.000000,      -0.000000,      -0.000000,       0.000000,      -0.000000,       0.000000,
    7.500000,      -0.000000,      -0.000000,       0.000000,      -0.000000,      -0.000000,       0.000000,      -0.000000,       0.000000,       0.000000,      -0.000000,       0.000000,
    8.000000,      -0.000000,      -0.000000,       0.000000,       0.000000,       0.000000,       0.000000,       0.000000,       0.000000,       0.000000,       0.000000,      -0.000000,
    8.500000,      -0.000000,      -0.000000,       0.000000,       0.000000,      -0.000000,       0.000000,       0.000000,       0.000000,       0.000000,       0.000000,      -0.000000,
    9.000000,      -0.000000,       0.000000,       0.000000,      -0.000000,       0.000000,      -0.000000,       0.000000,       0.000000,      -0.000000,       0.000000,       0.000000,
    9.500000,      -0.000000,       0.000000,      -0.000000,      -0.000000,      -0.000000,      -0.000000,       0.000000,      -0.000000,      -0.000000,      -0.000000,       0.000000,
   10.000000,      -0.000000,       0.000000,      -0.000000,       0.000000,       0.000000,      -0.000000,       0.000000,       0.000000,       0.000000,      -0.000000,       0.000000,
   10.500000,      -0.000000,       0.000000,      -0.000000,       0.000000,       0.000000,      -0.000000,       0.000000,       0.000000,      -0.000000,      -0.000000,       0.000000,
   11.000000,      -0.000000,       0.000000,       0.000000,       0.000000,       0.000000,      -0.000000,      -0.000000,      -0.000000,       0.000000,      -0.000000,       0.000000,
   11.500000,      -0.000000,       0.000000,       0.000000,      -0.000000,      -0.000000,      -0.000000,       0.000000,      -0.000000,       0.000000,       0.000000,       0.000000,
   12.000000,      -0.000000,      -0.000000,       0.000000,      -0.000000,      -0.000000,      -0.000000,       0.000000,       0.000000,       0.000000,       0.000000,       0.000000,
   12.500000,      -0.000000,      -0.000000,      -0.000000,       0.000000,       0.000000,       0.000000,       0.000000,       0.000000,       0.000000,      -0.000000,      -0.000000,
   13.000000,      -0.000000,      -0.000000,      -0.000000,       0.000000,       0.000000,       0.000000,       0.000000,       0.000000,      -0.000000,       0.000000,       0.000000,
   13.500000,      -0.000000,      -0.000000,      -0.000000,      -0.000000,       0.000000,       0.000000,       0.000000,       0.000000,       0.000000,       0.000000,      -0.000000,
   14.000000,      -0.000000,      -0.000000,       0.000000,      -0.000000,       0.000000,       0.000000,       0.000000,       0.000000,       0.000000,       0.000000,      -0.000000,
   14.500000,      -0.000000,       0.000000,       0.000000,      -0.000000,       0.000000,      -0.000000,      -0.000000,      -0.000000,       0.000000,       0.000000,      -0.000000,
   15.000000,      -0.000000,       0.000000,       0.000000,       0.000000,       0.000000,       0.000000,      -0.000000,      -0.000000,      -0.000000,       0.000000,      -0.000000,
   15.500000,      -0.000000,      -0.000000,      -0.000000,       0.000000,      -0.000000,       0.000000,       0.000000,      -0.000000,       0.000000,      -0.000000,       0.000000,
   16.000000,      -0.000000,      -0.000000,      -0.000000,      -0.000000,      -0.000000,       0.000000,      -0.000000,       0.000000,       0.000000,       0.000000,       0.000000,
   16.500000,      -0.000000,      -0.000000,      -0.000000,       0.000000,      -0.000000,      -0.000000,       0.000000,      -0.000000,       0.000000,      -0.000000,      -0.000000,
   17.000000,      -0.000000,      -0.000000,       0.000000,      -0.000000,      -0.000000,      -0.000000,       0.000000,       0.000000,       0.000000,       0.000000,      -0.000000,
   17.500000,      -0.000000,      -0.000000,      -0.000000,      -0.000000,      -0.000000,      -0.000000,       0.000000,       0.000000,       0.000000,      -0.000000,       0.000000,
   18.000000,      -0.000000,       0.000000,       0.000000,      -0.000000,      -0.000000,       0.000000,       0.000000,       0.000000,       0.000000,       0.000000,       0.000000,
   18.500000,      -0.000000,       0.000000,       0.000000,       0.000000,      -0.000000,       0.000000,      -0.000000,       0.000000,      -0.000000,       0.000000,      -0.000000,
   19.000000,      -0.000000,       0.000000,      -0.000000,      -0.000000,       0.000000,      -0.000000,      -0.000000,      -0.000000,      -0.000000,       0.000000,       0.000000,
   19.500000,      -0.000000,       0.000000,       0.000000,      -0.000000,      -0.000000,      -0.000000,       0.000000,      -0.000000,      -0.000000,       0.000000,      -0.000000,
   20.000000,      -0.000000,      -0.000000,      -0.000000,       0.000000,      -0.000000,      -0.000000,      -0.000000,       0.000000,       0.000000,      -0.000000,       0.000000,
   20.500000,      -0.000000,      -0.000000,       0.000000,      -0.000000,      -0.000000,      -0.000000,       0.000000,      -0.000000,       0.000000,      -0.000000,      -0.000000,
   21.000000,      -0.000000,       0.000000,      -0.000000,       0.000000,      -0.000000,       0.000000,      -0.000000,      -0.000000,       0.000000,       0.000000,       0.000000,
   21.500000,      -0.000000,      -0.000000,      -0.000000,      -0.000000,      -0.000000,      -0.000000,       0.000000,       0.000000,      -0.000000,       0.000000,       0.000000,
   22.000000,      -0.000000,       0.000000,      -0.000000,       0.000000,       0.000000,      -0.000000,      -0.000000,       0.000000,       0.000000,       0.000000,      -0.000000,
   22.500000,      -0.000000,      -0.000000,       0.000000,       0.000000,      -0.000000,      -0.000000,      -0.000000,       0.000000,      -0.000000,      -0.000000,       0.000000,
   23.000000,      -0.000000,       0.000000,       0.000000,       0.000000,       0.000000,       0.000000,       0.000000,      -0.000000,       0.000000,       0.000000,       0.000000,
   23.500000,      -0.000000,      -0.000000,       0.000000,       0.000000,       0.000000,      -0.000000,       0.000000,      -0.000000,      -0.000000,      -0.000000,       0.000000,
   24.000000,      -0.000000,       0.000000,      -0.000000,      -0.000000,      -0.000000,      -0.000000,       0.000000,      -0.000000,      -0.000000,      -0.000000,       0.000000,
   24.500000,      -0.000000,       0.000000,      -0.000000,      -0.000000,      -0.000000,       0.000000,      -0.000000,      -0.000000,       0.000000,      -0.000000,       0.000000,
   25.000000,      -0.000000,      -0.000000,       0.000000,       0.000000,      -0.000000,       0.000000,      -0.000000,       0.000000,       0.000000,      -0.000000,       0.000000,
   25.500000,      -0.000000,       0.000000,      -0.000000,       0.000000,       0.000000,      -0.000000,      -0.000000,       0.000000,       0.000000,      -0.000000,      -0.000000,
   26.000000,      -0.000000,      -0.000000,       0.000000,       0.000000,       0.000000,       0.000000,       0.000000,       0.000000,      -0.000000,       0.000000,      -0.000000,
   26.500000,      -0.000000,      -0.000000,       0.000000,       0.000000,      -0.000000,       0.000000,       0.000000,      -0.000000,       0.000000,       0.000000,      -0.000000,
   27.000000,      -0.000000,       0.000000,      -0.000000,      -0.000000,      -0.000000,       0.000000,       0.000000,       0.000000,      -0.000000,       0.000000,      -0.000000,
   27.500000,      -0.000000,      -0.000000,       0.000000,       0.000000,       0.000000,      -0.000000,       0.000000,      -0.000000,      -0.000000,       0.000000,      -0.000000,
   28.000000,      -0.000000,      -0.000000,       0.000000,       0.000000,       0.000000,       0.000000,      -0.000000,       0.000000,      -0.000000,      -0.000000,      -0.000000,
   28.500000,      -0.000000,      -0.000000,      -0.000000,      -0.000000,      -0.000000,      -0.000000,      -0.000000,      -0.000000,      -0.000000,      -0.000000,      -0.000000,
   29.000000,      -0.000000,      -0.000000,      -0.000000,      -0.000000,      -0.000000,      -0.000000,      -0.000000,       0.000000,      -0.000000,      -0.000000,      -0.000000,
   29.500000,      -0.000000,      -0.000000,       0.000000,       0.000000,      -0.000000,       0.000000,      -0.000000,       0.000000,       0.000000,       0.000000,      -0.000000,
   30.000000,      -0.000000,       0.000000,      -0.000000,       0.000000,       0.000000,       0.000000,      -0.000000,      -0.000000,       0.000000,       0.000000,       0.000000,
   30.500000,      -0.000000,       0.000000,       0.000000,      -0.000000,      -0.000000,       0.000000,       0.000000,       0.000000,       0.000000,      -0.000000,      -0.000000,
   31.000000,      -0.000000,       0.000000,       0.000000,      -0.000000,       0.000000,       0.000000,       0.000000,       0.000000,      -0.000000,       0.000000,      -0.000000,
   31.500000,      -0.000000,      -0.000000,      -0.000000,      -0.000000,      -0.000000,       0.000000,       0.000000,      -0.000000,      -0.000000,      -0.000000,      -0.000000,
   32.000000,      -0.000000,      -0.000000,       0.000000,      -0.000000,      -0.000000,       0.000000,      -0.000000,      -0.000000,      -0.000000,      -0.000000,       0.000000,
   32.500000,      -0.000000,      -0.000000,       0.000000,      -0.000000,       0.000000,      -0.000000,       0.000000,      -0.000000,      -0.000000,      -0.000000,       0.000000,
   33.000000,      -0.000000,       0.000000,      -0.000000,       0.000000,       0.000000,      -0.000000,      -0.000000,      -0.000000,       0.000000,      -0.000000,      -0.000000,
   33.500000,      -0.000000,      -0.000000,       0.000000,      -0.000000,      -0.000000,      -0.000000,       0.000000,      -0.000000,      -0.000000,       0.000000,      -0.000000,
   34.000000,      -0.000000,      -0.000000,      -0.000000,       0.000000,      -0.000000,      -0.000000,       0.000000,      -0.000000,       0.000000,       0.000000,      -0.000000,
   34.500000,      -0.000000,      -0.000000,       0.000000,      -0.000000,      -0.000000,       0.000000,      -0.000000,       0.000000,       0.000000,      -0.000000,      -0.000000,
   35.000000,      -0.000000,      -0.000000,       0.000000,       0.000000,      -0.000000,      -0.000000,       0.000000,      -0.000000,       0.000000,       0.000000,      -0.000000,
   35.500000,      -0.000000,      -0.000000,      -0.000000,       0.000000,      -0.000000,       0.000000,      -0.000000,       0.000000,      -0.000000,       0.000000,      -0.000000,
   36.000000,      -0.000000,       0.000000,      -0.000000,      -0.000000,       0.000000,       0.000000,      -0.000000,       0.000000,       0.000000,      -0.000000,       0.000000,
   36.500000,      -0.000000,      -0.000000,      -0.000000,      -0.000000,      -0.000000,      -0.000000,       0.000000,       0.000000,       0.000000,       0.000000,       0.000000,
   37.000000,      -0.000000,      -0.000000,       0.000000,       0.000000,      -0.000000,      -0.000000,      -0.000000,       0.000000,       0.000000,      -0.000000,       0.000000,
   37.500000,      -0.000000,      -0.000000,      -0.000000,      -0.000000,      -0.000000,      -0.000000,       0.000000,      -0.000000,      -0.000000,      -0.000000,       0.000000,
   38.000000,      -0.000000,       0.000000,      -0.000000,       0.000000,       0.000000,      -0.000000,       0.000000,       0.000000,      -0.000000,      -0.000000,       0.000000,
   38.500000,      -0.000000,      -0.000000,      -0.000000,       0.000000,       0.000000,      -0.000000,       0.000000,       0.000000,       0.000000,      -0.000000,       0.000000,
   39.000000,      -0.000000,       0.000000,       0.000000,      -0.000000,       0.000000,       0.000000,       0.000000,      -0.000000,       0.000000,      -0.000000,      -0.000000,
   39.500000,      -0.000000,       0.000000,      -0.000000,       0.000000,       0.000000,      -0.000000,       0.000000,       0.000000,       0.000000,      -0.000000,      -0.000000,
   40.000000,      -0.000000,       0.000000,       0.000000,      -0.000000,       0.000000,      -0.000000,       0.000000,      -0.000000,       0.000000,      -0.000000,       0.000000,
   40.500000,      -0.000000,       0.000000,       0.000000,      -0.000000,      -0.000000,       0.000000,       0.000000,      -0.000000,       0.000000,      -0.000000,       0.000000,
   41.000000,      -0.000000,      -0.000000,       0.000000,       0.000000,      -0.000000,       0.000000,      -0.000000,       0.000000,       0.000000,       0.000000,       0.000000,
   41.500000,      -0.000000,       0.000000,       0.000000,      -0.000000,      -0.000000,       0.000000,       0.000000,      -0.000000,       0.000000,      -0.000000,       0.000000,
   42.000000,      -0.000000,      -0.000000,      -0.000000,      -0.000000,       0.000000,       0.000000,      -0.000000,       0.000000,      -0.000000,       0.000000,      -0.000000,
   42.500000,      -0.000000,       0.000000,       0.000000,       0.000000,      -0.000000,      -0.000000,       0.000000,       0.000000,       0.000000,      -0.000000,      -0.000000,
   43.000000,      -0.000000,       0.000000,       0.000000,       0.000000,       0.000000,      -0.000000,       0.000000,      -0.000000,       0.000000,       0.000000,      -0.000000,
   43.500000,      -0.000000,       0.000000,       0.000000,       0.000000,      -0.000000,       0.000000,       0.000000,      -0.000000,       0.000000,       0.000000,       0.000000,
   44.000000,      -0.000000,      -0.000000,       0.000000,      -0.000000,       0.000000,      -0.000000,       0.000000,      -0.000000,       0.000000,       0.000000,      -0.000000,
   44.500000,      -0.000000,      -0.000000,       0.000000,      -0.000000,      -0.000000,      -0.000000,      -0.000000,      -0.000000,      -0.000000,       0.000000,      -0.000000,
   45.000000,      -0.000000,       0.000000,      -0.000000,      -0.000000,      -0.000000,      -0.000000,      -0.000000,      -0.000000,       0.000000,       0.000000,      -0.000000,
   45.500000,      -0.000000,      -0.000000,      -0.000000,       0.000000,       0.000000,      -0.000000,       0.000000,       0.000000,       0.000000,      -0.000000,       0.000000,
   46.000000,      -0.000000,       0.000000,       0.000000,       0.000000,      -0.000000,      -0.000000,      -0.000000,       0.000000,       0.000000,      -0.000000,       0.000000,
   46.500000,      -0.000000,      -0.000000,      -0.000000,      -0.000000,       0.000000,       0.000000,      -0.000000,      -0.000000,       0.000000,       0.000000,      -0.000000,
   47.000000,      -0.000000,      -0.000000,      -0.000000,      -0.000000,       0.000000,       0.000000,      -0.000000,      -0.000000,       0.000000,      -0.000000,      -0.000000,
   47.500000,      -0.000000,      -0.000000,       0.000000,       0.000000,       0.000000,      -0.000000,      -0.000000,      -0.000000,      -0.000000,      -0.000000,       0.000000,
   48.000000,      -0.000000,      -0.000000,       0.000000,       0.000000,      -0.000000,       0.000000,       0.000000,      -0.000000,       0.000000,      -0.000000,       0.000000,
   48.500000,      -0.000000,      -0.000000,      -0.000000,       0.000000,      -0.000000,      -0.000000,      -0.000000,       0.000000,      -0.000000,      -0.000000,      -0.000000,
   49.000000,      -0.000000,      -0.000000,      -0.000000,       0.000000,      -0.000000,      -0.000000,       0.000000,      -0.000000,       0.000000,      -0.000000,       0.000000,
   49.500000,      -0.000000,      -0.000000,      -0.000000,       0.000000,      -0.000000,      -0.000000,       0.000000,      -0.000000,       0.000000,       0.000000,      -0.000000,
