alpha(x) =  0.500  beta(v) =  0.700  delta (t) = 0.050Free stream: density =  1.000  velocity = -1.000  temperature =  1.000  Execution time =    21.34 s
vxmax=   7.00  vxmin=  -7.00  vymax=   7.00  vymin=  -7.00  vzmax=   7.00  vzmin=  -7.00
x, t=      0.0, t=      5.0, t=     10.0, t=     15.0, t=     20.0, t=     25.0, t=     30.0, t=     35.0, t=     40.0, t=     45.0, t=     50.0,
  0.000000E+00,     1.000000E+00,     1.894133E+00,     1.884036E+00,     1.881317E+00,     1.880442E+00,     1.880158E+00,     1.880121E+00,     1.880206E+00,     1.880353E+00,     1.880534E+00,     1.880732E+00,
  5.000000E-01,     1.000000E+00,     1.891350E+00,     1.883614E+00,     1.881174E+00,     1.880386E+00,     1.880137E+00,     1.880117E+00,     1.880209E+00,     1.880361E+00,     1.880544E+00,     1.880743E+00,
  1.000000E+00,     1.000000E+00,     1.884619E+00,     1.882565E+00,     1.880817E+00,     1.880246E+00,     1.880085E+00,     1.880106E+00,     1.880220E+00,     1.880383E+00,     1.880571E+00,     1.880773E+00,
  1.500000E+00,     1.000000E+00,     1.874708E+00,     1.881028E+00,     1.880283E+00,     1.880034E+00,     1.880008E+00,     1.880092E+00,     1.880238E+00,     1.880418E+00,     1.880616E+00,     1.880822E+00,
  2.000000E+00,     1.000000E+00,     1.861958E+00,     1.879190E+00,     1.879625E+00,     1.879772E+00,     1.879914E+00,     1.880080E+00,     1.880267E+00,     1.880469E+00,     1.880678E+00,     1.880889E+00,
  2.500000E+00,     1.000000E+00,     1.845699E+00,     1.877254E+00,     1.878905E+00,     1.879485E+00,     1.879817E+00,     1.880075E+00,     1.880309E+00,     1.880536E+00,     1.880758E+00,     1.880976E+00,
  3.000000E+00,     1.000000E+00,     1.823876E+00,     1.875403E+00,     1.878192E+00,     1.879198E+00,     1.879727E+00,     1.880083E+00,     1.880369E+00,     1.880622E+00,     1.880859E+00,     1.881083E+00,
  3.500000E+00,     1.000000E+00,     1.792973E+00,     1.873773E+00,     1.877547E+00,     1.878941E+00,     1.879658E+00,     1.880111E+00,     1.880448E+00,     1.880729E+00,     1.880979E+00,     1.881210E+00,
  4.000000E+00,     1.000000E+00,     1.748395E+00,     1.872428E+00,     1.877026E+00,     1.878739E+00,     1.879624E+00,     1.880166E+00,     1.880551E+00,     1.880858E+00,     1.881121E+00,     1.881357E+00,
  4.500000E+00,     1.000000E+00,     1.685651E+00,     1.871347E+00,     1.876669E+00,     1.878615E+00,     1.879636E+00,     1.880255E+00,     1.880682E+00,     1.881011E+00,     1.881285E+00,     1.881525E+00,
  5.000000E+00,     1.000000E+00,     1.602583E+00,     1.870411E+00,     1.876501E+00,     1.878584E+00,     1.879704E+00,     1.880382E+00,     1.880844E+00,     1.881190E+00,     1.881472E+00,     1.881714E+00,
  5.500000E+00,     1.000000E+00,     1.502075E+00,     1.869394E+00,     1.876531E+00,     1.878659E+00,     1.879835E+00,     1.880553E+00,     1.881038E+00,     1.881396E+00,     1.881682E+00,     1.881924E+00,
  6.000000E+00,     1.000000E+00,     1.393266E+00,     1.867932E+00,     1.876752E+00,     1.878844E+00,     1.880034E+00,     1.880770E+00,     1.881266E+00,     1.881630E+00,     1.881916E+00,     1.882155E+00,
  6.500000E+00,     1.000000E+00,     1.289041E+00,     1.865490E+00,     1.877143E+00,     1.879138E+00,     1.880302E+00,     1.881034E+00,     1.881530E+00,     1.881891E+00,     1.882174E+00,     1.882406E+00,
  7.000000E+00,     1.000000E+00,     1.200546E+00,     1.861292E+00,     1.877674E+00,     1.879534E+00,     1.880637E+00,     1.881345E+00,     1.881828E+00,     1.882181E+00,     1.882454E+00,     1.882677E+00,
  7.500000E+00,     1.000000E+00,     1.132961E+00,     1.854233E+00,     1.878304E+00,     1.880020E+00,     1.881036E+00,     1.881702E+00,     1.882161E+00,     1.882496E+00,     1.882756E+00,     1.882967E+00,
  8.000000E+00,     1.000000E+00,     1.085447E+00,     1.842761E+00,     1.878986E+00,     1.880583E+00,     1.881491E+00,     1.882100E+00,     1.882525E+00,     1.882837E+00,     1.883079E+00,     1.883275E+00,
  8.500000E+00,     1.000000E+00,     1.053916E+00,     1.824763E+00,     1.879666E+00,     1.881205E+00,     1.881995E+00,     1.882536E+00,     1.882919E+00,     1.883202E+00,     1.883421E+00,     1.883599E+00,
  9.000000E+00,     1.000000E+00,     1.033730E+00,     1.797516E+00,     1.880277E+00,     1.881869E+00,     1.882538E+00,     1.883004E+00,     1.883338E+00,     1.883586E+00,     1.883780E+00,     1.883937E+00,
  9.500000E+00,     1.000000E+00,     1.021059E+00,     1.757852E+00,     1.880742E+00,     1.882558E+00,     1.883111E+00,     1.883497E+00,     1.883778E+00,     1.883989E+00,     1.884154E+00,     1.884289E+00,
  1.000000E+01,     1.000000E+00,     1.013175E+00,     1.702738E+00,     1.880957E+00,     1.883254E+00,     1.883701E+00,     1.884009E+00,     1.884235E+00,     1.884406E+00,     1.884541E+00,     1.884651E+00,
  1.050000E+01,     1.000000E+00,     1.008281E+00,     1.630475E+00,     1.880780E+00,     1.883943E+00,     1.884300E+00,     1.884534E+00,     1.884704E+00,     1.884834E+00,     1.884937E+00,     1.885022E+00,
  1.100000E+01,     1.000000E+00,     1.005237E+00,     1.542372E+00,     1.880010E+00,     1.884610E+00,     1.884899E+00,     1.885064E+00,     1.885180E+00,     1.885269E+00,     1.885340E+00,     1.885399E+00,
  1.150000E+01,     1.000000E+00,     1.003335E+00,     1.443991E+00,     1.878353E+00,     1.885243E+00,     1.885488E+00,     1.885592E+00,     1.885659E+00,     1.885708E+00,     1.885747E+00,     1.885780E+00,
  1.200000E+01,     1.000000E+00,     1.002139E+00,     1.344549E+00,     1.875376E+00,     1.885829E+00,     1.886060E+00,     1.886114E+00,     1.886136E+00,     1.886147E+00,     1.886155E+00,     1.886163E+00,
  1.250000E+01,     1.000000E+00,     1.001382E+00,     1.253934E+00,     1.870442E+00,     1.886358E+00,     1.886609E+00,     1.886623E+00,     1.886606E+00,     1.886583E+00,     1.886562E+00,     1.886546E+00,
  1.300000E+01,     1.000000E+00,     1.000900E+00,     1.179053E+00,     1.862626E+00,     1.886815E+00,     1.887130E+00,     1.887116E+00,     1.887065E+00,     1.887012E+00,     1.886965E+00,     1.886925E+00,
  1.350000E+01,     1.000000E+00,     1.000590E+00,     1.122098E+00,     1.850608E+00,     1.887185E+00,     1.887621E+00,     1.887588E+00,     1.887511E+00,     1.887432E+00,     1.887361E+00,     1.887300E+00,
  1.400000E+01,     1.000000E+00,     1.000390E+00,     1.081432E+00,     1.832573E+00,     1.887443E+00,     1.888077E+00,     1.888036E+00,     1.887941E+00,     1.887840E+00,     1.887747E+00,     1.887668E+00,
  1.450000E+01,     1.000000E+00,     1.000259E+00,     1.053627E+00,     1.806150E+00,     1.887558E+00,     1.888498E+00,     1.888459E+00,     1.888351E+00,     1.888233E+00,     1.888123E+00,     1.888027E+00,
  1.500000E+01,     1.000000E+00,     1.000173E+00,     1.035119E+00,     1.768518E+00,     1.887477E+00,     1.888882E+00,     1.888855E+00,     1.888741E+00,     1.888610E+00,     1.888486E+00,     1.888376E+00,
  1.550000E+01,     1.000000E+00,     1.000116E+00,     1.022978E+00,     1.716836E+00,     1.887123E+00,     1.889230E+00,     1.889223E+00,     1.889108E+00,     1.888970E+00,     1.888835E+00,     1.888713E+00,
  1.600000E+01,     1.000000E+00,     1.000078E+00,     1.015066E+00,     1.649193E+00,     1.886380E+00,     1.889541E+00,     1.889563E+00,     1.889453E+00,     1.889311E+00,     1.889169E+00,     1.889038E+00,
  1.650000E+01,     1.000000E+00,     1.000053E+00,     1.009916E+00,     1.566042E+00,     1.885072E+00,     1.889815E+00,     1.889875E+00,     1.889774E+00,     1.889632E+00,     1.889486E+00,     1.889348E+00,
  1.700000E+01,     1.000000E+00,     1.000036E+00,     1.006559E+00,     1.471526E+00,     1.882931E+00,     1.890050E+00,     1.890160E+00,     1.890072E+00,     1.889933E+00,     1.889785E+00,     1.889645E+00,
  1.750000E+01,     1.000000E+00,     1.000024E+00,     1.004362E+00,     1.373485E+00,     1.879564E+00,     1.890244E+00,     1.890419E+00,     1.890346E+00,     1.890215E+00,     1.890068E+00,     1.889926E+00,
  1.800000E+01,     1.000000E+00,     1.000017E+00,     1.002918E+00,     1.281315E+00,     1.874387E+00,     1.890393E+00,     1.890653E+00,     1.890599E+00,     1.890476E+00,     1.890333E+00,     1.890191E+00,
  1.850000E+01,     1.000000E+00,     1.000011E+00,     1.001964E+00,     1.202604E+00,     1.866548E+00,     1.890490E+00,     1.890864E+00,     1.890829E+00,     1.890718E+00,     1.890580E+00,     1.890442E+00,
  1.900000E+01,     1.000000E+00,     1.000008E+00,     1.001330E+00,     1.140839E+00,     1.854837E+00,     1.890521E+00,     1.891052E+00,     1.891040E+00,     1.890941E+00,     1.890811E+00,     1.890677E+00,
  1.950000E+01,     1.000000E+00,     1.000005E+00,     1.000906E+00,     1.095518E+00,     1.837576E+00,     1.890466E+00,     1.891219E+00,     1.891230E+00,     1.891146E+00,     1.891024E+00,     1.890897E+00,
  2.000000E+01,     1.000000E+00,     1.000003E+00,     1.000621E+00,     1.063819E+00,     1.812558E+00,     1.890295E+00,     1.891366E+00,     1.891403E+00,     1.891333E+00,     1.891221E+00,     1.891102E+00,
  2.050000E+01,     1.000000E+00,     1.000002E+00,     1.000429E+00,     1.042322E+00,     1.777104E+00,     1.889958E+00,     1.891494E+00,     1.891558E+00,     1.891504E+00,     1.891402E+00,     1.891293E+00,
  2.100000E+01,     1.000000E+00,     1.000001E+00,     1.000298E+00,     1.028003E+00,     1.728401E+00,     1.889383E+00,     1.891605E+00,     1.891697E+00,     1.891659E+00,     1.891568E+00,     1.891470E+00,
  2.150000E+01,     1.000000E+00,     1.000001E+00,     1.000208E+00,     1.018547E+00,     1.664312E+00,     1.888459E+00,     1.891697E+00,     1.891822E+00,     1.891799E+00,     1.891721E+00,     1.891635E+00,
  2.200000E+01,     1.000000E+00,     1.000000E+00,     1.000146E+00,     1.012322E+00,     1.584680E+00,     1.887019E+00,     1.891771E+00,     1.891933E+00,     1.891926E+00,     1.891859E+00,     1.891788E+00,
  2.250000E+01,     1.000000E+00,     1.000000E+00,     1.000103E+00,     1.008221E+00,     1.492715E+00,     1.884815E+00,     1.891825E+00,     1.892032E+00,     1.892041E+00,     1.891986E+00,     1.891930E+00,
  2.300000E+01,     1.000000E+00,     1.000000E+00,     1.000073E+00,     1.005511E+00,     1.395384E+00,     1.881478E+00,     1.891855E+00,     1.892120E+00,     1.892144E+00,     1.892100E+00,     1.892062E+00,
  2.350000E+01,     1.000000E+00,     9.999999E-01,     1.000052E+00,     1.003714E+00,     1.301795E+00,     1.876466E+00,     1.891858E+00,     1.892197E+00,     1.892236E+00,     1.892204E+00,     1.892186E+00,
  2.400000E+01,     1.000000E+00,     9.999998E-01,     1.000037E+00,     1.002516E+00,     1.220041E+00,     1.868988E+00,     1.891824E+00,     1.892264E+00,     1.892319E+00,     1.892298E+00,     1.892303E+00,
  2.450000E+01,     1.000000E+00,     9.999997E-01,     1.000027E+00,     1.001714E+00,     1.154562E+00,     1.857914E+00,     1.891740E+00,     1.892322E+00,     1.892393E+00,     1.892383E+00,     1.892413E+00,
  2.500000E+01,     1.000000E+00,     9.999997E-01,     1.000019E+00,     1.001174E+00,     1.105695E+00,     1.841677E+00,     1.891587E+00,     1.892372E+00,     1.892458E+00,     1.892459E+00,     1.892520E+00,
  2.550000E+01,     1.000000E+00,     9.999996E-01,     1.000014E+00,     1.000809E+00,     1.071066E+00,     1.818189E+00,     1.891333E+00,     1.892414E+00,     1.892516E+00,     1.892527E+00,     1.892624E+00,
  2.600000E+01,     1.000000E+00,     9.999996E-01,     1.000010E+00,     1.000560E+00,     1.047357E+00,     1.784871E+00,     1.890932E+00,     1.892448E+00,     1.892568E+00,     1.892589E+00,     1.892729E+00,
  2.650000E+01,     1.000000E+00,     9.999996E-01,     1.000007E+00,     1.000390E+00,     1.031452E+00,     1.738922E+00,     1.890315E+00,     1.892473E+00,     1.892613E+00,     1.892644E+00,     1.892836E+00,
  2.700000E+01,     1.000000E+00,     9.999996E-01,     1.000005E+00,     1.000273E+00,     1.020896E+00,     1.678006E+00,     1.889379E+00,     1.892490E+00,     1.892653E+00,     1.892693E+00,     1.892947E+00,
  2.750000E+01,     1.000000E+00,     9.999996E-01,     1.000004E+00,     1.000192E+00,     1.013918E+00,     1.601467E+00,     1.887966E+00,     1.892497E+00,     1.892687E+00,     1.892737E+00,     1.893068E+00,
  2.800000E+01,     1.000000E+00,     9.999996E-01,     1.000002E+00,     1.000136E+00,     1.009307E+00,     1.511747E+00,     1.885846E+00,     1.892491E+00,     1.892717E+00,     1.892776E+00,     1.893200E+00,
  2.850000E+01,     1.000000E+00,     9.999996E-01,     1.000002E+00,     1.000096E+00,     1.006251E+00,     1.415060E+00,     1.882677E+00,     1.892470E+00,     1.892743E+00,     1.892811E+00,     1.893350E+00,
  2.900000E+01,     1.000000E+00,     9.999996E-01,     1.000001E+00,     1.000069E+00,     1.004220E+00,     1.320233E+00,     1.877951E+00,     1.892428E+00,     1.892764E+00,     1.892842E+00,     1.893521E+00,
  2.950000E+01,     1.000000E+00,     9.999996E-01,     1.000001E+00,     1.000049E+00,     1.002864E+00,     1.235764E+00,     1.870935E+00,     1.892355E+00,     1.892782E+00,     1.892870E+00,     1.893720E+00,
  3.000000E+01,     1.000000E+00,     9.999996E-01,     1.000000E+00,     1.000035E+00,     1.001953E+00,     1.166922E+00,     1.860573E+00,     1.892240E+00,     1.892796E+00,     1.892895E+00,     1.893955E+00,
  3.050000E+01,     1.000000E+00,     9.999996E-01,     1.000000E+00,     1.000025E+00,     1.001339E+00,     1.114817E+00,     1.845390E+00,     1.892064E+00,     1.892806E+00,     1.892918E+00,     1.894232E+00,
  3.100000E+01,     1.000000E+00,     9.999996E-01,     9.999998E-01,     1.000018E+00,     1.000923E+00,     1.077510E+00,     1.823410E+00,     1.891796E+00,     1.892813E+00,     1.892938E+00,     1.894562E+00,
  3.150000E+01,     1.000000E+00,     9.999996E-01,     9.999997E-01,     1.000013E+00,     1.000639E+00,     1.051785E+00,     1.792144E+00,     1.891395E+00,     1.892816E+00,     1.892957E+00,     1.894954E+00,
  3.200000E+01,     1.000000E+00,     9.999996E-01,     9.999996E-01,     1.000009E+00,     1.000445E+00,     1.034448E+00,     1.748806E+00,     1.890795E+00,     1.892814E+00,     1.892974E+00,     1.895420E+00,
  3.250000E+01,     1.000000E+00,     9.999996E-01,     9.999995E-01,     1.000007E+00,     1.000311E+00,     1.022908E+00,     1.690901E+00,     1.889898E+00,     1.892807E+00,     1.892991E+00,     1.895972E+00,
  3.300000E+01,     1.000000E+00,     9.999996E-01,     9.999995E-01,     1.000005E+00,     1.000219E+00,     1.015267E+00,     1.617345E+00,     1.888561E+00,     1.892792E+00,     1.893007E+00,     1.896623E+00,
  3.350000E+01,     1.000000E+00,     9.999996E-01,     9.999994E-01,     1.000003E+00,     1.000155E+00,     1.010211E+00,     1.529880E+00,     1.886569E+00,     1.892769E+00,     1.893024E+00,     1.897386E+00,
  3.400000E+01,     1.000000E+00,     9.999996E-01,     9.999994E-01,     1.000002E+00,     1.000110E+00,     1.006860E+00,     1.433997E+00,     1.883601E+00,     1.892733E+00,     1.893043E+00,     1.898274E+00,
  3.450000E+01,     1.000000E+00,     9.999996E-01,     9.999994E-01,     1.000001E+00,     1.000078E+00,     1.004631E+00,     1.338178E+00,     1.879190E+00,     1.892678E+00,     1.893063E+00,     1.899300E+00,
  3.500000E+01,     1.000000E+00,     9.999996E-01,     9.999994E-01,     1.000001E+00,     1.000056E+00,     1.003142E+00,     1.251221E+00,     1.872649E+00,     1.892598E+00,     1.893087E+00,     1.900475E+00,
  3.550000E+01,     1.000000E+00,     9.999996E-01,     9.999993E-01,     1.000000E+00,     1.000040E+00,     1.002143E+00,     1.179163E+00,     1.862993E+00,     1.892479E+00,     1.893115E+00,     1.901809E+00,
  3.600000E+01,     1.000000E+00,     9.999996E-01,     9.999993E-01,     1.000000E+00,     1.000029E+00,     1.001469E+00,     1.123886E+00,     1.848837E+00,     1.892304E+00,     1.893149E+00,     1.903307E+00,
  3.650000E+01,     1.000000E+00,     9.999996E-01,     9.999993E-01,     9.999999E-01,     1.000021E+00,     1.001012E+00,     1.083917E+00,     1.828303E+00,     1.892046E+00,     1.893191E+00,     1.904972E+00,
  3.700000E+01,     1.000000E+00,     9.999996E-01,     9.999993E-01,     9.999997E-01,     1.000015E+00,     1.000701E+00,     1.056174E+00,     1.798999E+00,     1.891664E+00,     1.893244E+00,     1.906803E+00,
  3.750000E+01,     1.000000E+00,     9.999996E-01,     9.999993E-01,     9.999996E-01,     1.000011E+00,     1.000488E+00,     1.037403E+00,     1.758167E+00,     1.891099E+00,     1.893311E+00,     1.908795E+00,
  3.800000E+01,     1.000000E+00,     9.999996E-01,     9.999993E-01,     9.999995E-01,     1.000008E+00,     1.000341E+00,     1.024880E+00,     1.703190E+00,     1.890259E+00,     1.893394E+00,     1.910936E+00,
  3.850000E+01,     1.000000E+00,     9.999996E-01,     9.999994E-01,     9.999995E-01,     1.000005E+00,     1.000240E+00,     1.016579E+00,     1.632608E+00,     1.889012E+00,     1.893499E+00,     1.913213E+00,
  3.900000E+01,     1.000000E+00,     9.999996E-01,     9.999994E-01,     9.999994E-01,     1.000004E+00,     1.000169E+00,     1.011085E+00,     1.547519E+00,     1.887158E+00,     1.893631E+00,     1.915612E+00,
  3.950000E+01,     1.000000E+00,     9.999996E-01,     9.999994E-01,     9.999994E-01,     1.000003E+00,     1.000120E+00,     1.007444E+00,     1.452684E+00,     1.884400E+00,     1.893795E+00,     1.918117E+00,
  4.000000E+01,     1.000000E+00,     9.999996E-01,     9.999994E-01,     9.999993E-01,     1.000002E+00,     1.000085E+00,     1.005022E+00,     1.356162E+00,     1.880304E+00,     1.894000E+00,     1.920720E+00,
  4.050000E+01,     1.000000E+00,     9.999996E-01,     9.999994E-01,     9.999993E-01,     1.000001E+00,     1.000061E+00,     1.003405E+00,     1.266941E+00,     1.874231E+00,     1.894254E+00,     1.923420E+00,
  4.100000E+01,     1.000000E+00,     9.999996E-01,     9.999994E-01,     9.999993E-01,     1.000001E+00,     1.000044E+00,     1.002321E+00,     1.191760E+00,     1.865261E+00,     1.894565E+00,     1.926234E+00,
  4.150000E+01,     1.000000E+00,     9.999996E-01,     9.999994E-01,     9.999993E-01,     1.000000E+00,     1.000031E+00,     1.001590E+00,     1.133298E+00,     1.852094E+00,     1.894946E+00,     1.929203E+00,
  4.200000E+01,     1.000000E+00,     9.999996E-01,     9.999994E-01,     9.999993E-01,     1.000000E+00,     1.000023E+00,     1.001095E+00,     1.090598E+00,     1.832955E+00,     1.895405E+00,     1.932402E+00,
  4.250000E+01,     1.000000E+00,     9.999996E-01,     9.999994E-01,     9.999993E-01,     9.999999E-01,     1.000016E+00,     1.000757E+00,     1.060761E+00,     1.805547E+00,     1.895954E+00,     1.935953E+00,
  4.300000E+01,     1.000000E+00,     9.999996E-01,     9.999995E-01,     9.999994E-01,     9.999997E-01,     1.000012E+00,     1.000527E+00,     1.040490E+00,     1.767159E+00,     1.896602E+00,     1.940035E+00,
  4.350000E+01,     1.000000E+00,     9.999996E-01,     9.999995E-01,     9.999994E-01,     9.999996E-01,     1.000008E+00,     1.000368E+00,     1.026938E+00,     1.715089E+00,     1.897354E+00,     1.944903E+00,
  4.400000E+01,     1.000000E+00,     9.999997E-01,     9.999995E-01,     9.999994E-01,     9.999996E-01,     1.000006E+00,     1.000258E+00,     1.017947E+00,     1.647556E+00,     1.898211E+00,     1.950897E+00,
  4.450000E+01,     1.000000E+00,     9.999997E-01,     9.999995E-01,     9.999994E-01,     9.999995E-01,     1.000004E+00,     1.000182E+00,     1.011995E+00,     1.565062E+00,     1.899161E+00,     1.958453E+00,
  4.500000E+01,     1.000000E+00,     9.999997E-01,     9.999995E-01,     9.999994E-01,     9.999995E-01,     1.000003E+00,     1.000129E+00,     1.008053E+00,     1.471635E+00,     1.900171E+00,     1.968112E+00,
  4.550000E+01,     1.000000E+00,     9.999997E-01,     9.999996E-01,     9.999994E-01,     9.999995E-01,     1.000002E+00,     1.000092E+00,     1.005433E+00,     1.374831E+00,     1.901170E+00,     1.980504E+00,
  4.600000E+01,     1.000000E+00,     9.999997E-01,     9.999996E-01,     9.999995E-01,     9.999995E-01,     1.000001E+00,     1.000066E+00,     1.003687E+00,     1.283713E+00,     1.902010E+00,     1.996301E+00,
  4.650000E+01,     1.000000E+00,     9.999997E-01,     9.999996E-01,     9.999995E-01,     9.999995E-01,     1.000001E+00,     1.000048E+00,     1.002517E+00,     1.205666E+00,     1.902378E+00,     2.016113E+00,
  4.700000E+01,     1.000000E+00,     9.999997E-01,     9.999996E-01,     9.999995E-01,     9.999995E-01,     1.000001E+00,     1.000034E+00,     1.001731E+00,     1.144172E+00,     1.901588E+00,     2.040199E+00,
  4.750000E+01,     1.000000E+00,     9.999998E-01,     9.999997E-01,     9.999996E-01,     9.999995E-01,     1.000000E+00,     1.000025E+00,     1.001200E+00,     1.098843E+00,     1.898066E+00,     2.067783E+00,
  4.800000E+01,     1.000000E+00,     9.999998E-01,     9.999997E-01,     9.999996E-01,     9.999996E-01,     1.000000E+00,     1.000019E+00,     1.000838E+00,     1.066954E+00,     1.887999E+00,     2.095115E+00,
  4.850000E+01,     1.000000E+00,     9.999998E-01,     9.999997E-01,     9.999997E-01,     9.999996E-01,     1.000000E+00,     1.000014E+00,     1.000589E+00,     1.045041E+00,     1.861597E+00,     2.109674E+00,
  4.900000E+01,     1.000000E+00,     9.999999E-01,     9.999998E-01,     9.999997E-01,     9.999997E-01,     1.000000E+00,     1.000010E+00,     1.000406E+00,     1.029720E+00,     1.792710E+00,     2.072115E+00,
  4.950000E+01,     1.000000E+00,     9.999999E-01,     9.999999E-01,     9.999998E-01,     9.999998E-01,     1.000000E+00,     1.000006E+00,     1.000252E+00,     1.017633E+00,     1.613443E+00,     1.868327E+00,
