alpha(x) =  0.500  beta(v) =  0.700  delta (t) = 0.050Free stream: density =  1.000  velocity = -1.000  temperature =  1.000  Execution time =    21.24 s
vxmax=   7.00  vxmin=  -7.00  vymax=   7.00  vymin=  -7.00  vzmax=   7.00  vzmin=  -7.00
x, t=      0.0, t=      5.0, t=     10.0, t=     15.0, t=     20.0, t=     25.0, t=     30.0, t=     35.0, t=     40.0, t=     45.0, t=     50.0,
  0.000000E+00,     1.000000E+00,     3.058542E+00,     3.105154E+00,     3.112053E+00,     3.114895E+00,     3.116610E+00,     3.117691E+00,     3.118376E+00,     3.118810E+00,     3.119087E+00,     3.119265E+00,
  5.000000E-01,     1.000000E+00,     3.054303E+00,     3.104974E+00,     3.112047E+00,     3.114897E+00,     3.116610E+00,     3.117692E+00,     3.118376E+00,     3.118810E+00,     3.119087E+00,     3.119265E+00,
  1.000000E+00,     1.000000E+00,     3.043233E+00,     3.104488E+00,     3.112029E+00,     3.114900E+00,     3.116612E+00,     3.117692E+00,     3.118376E+00,     3.118810E+00,     3.119087E+00,     3.119265E+00,
  1.500000E+00,     1.000000E+00,     3.023845E+00,     3.103636E+00,     3.111995E+00,     3.114904E+00,     3.116615E+00,     3.117693E+00,     3.118376E+00,     3.118810E+00,     3.119088E+00,     3.119265E+00,
  2.000000E+00,     1.000000E+00,     2.993801E+00,     3.102319E+00,     3.111939E+00,     3.114909E+00,     3.116618E+00,     3.117695E+00,     3.118377E+00,     3.118811E+00,     3.119088E+00,     3.119266E+00,
  2.500000E+00,     1.000000E+00,     2.950016E+00,     3.100389E+00,     3.111848E+00,     3.114913E+00,     3.116622E+00,     3.117696E+00,     3.118378E+00,     3.118811E+00,     3.119088E+00,     3.119266E+00,
  3.000000E+00,     1.000000E+00,     2.888897E+00,     3.097641E+00,     3.111710E+00,     3.114913E+00,     3.116625E+00,     3.117697E+00,     3.118378E+00,     3.118812E+00,     3.119088E+00,     3.119266E+00,
  3.500000E+00,     1.000000E+00,     2.806797E+00,     3.093802E+00,     3.111505E+00,     3.114908E+00,     3.116626E+00,     3.117698E+00,     3.118378E+00,     3.118812E+00,     3.119089E+00,     3.119267E+00,
  4.000000E+00,     1.000000E+00,     2.700742E+00,     3.088511E+00,     3.111211E+00,     3.114895E+00,     3.116626E+00,     3.117698E+00,     3.118378E+00,     3.118812E+00,     3.119089E+00,     3.119267E+00,
  4.500000E+00,     1.000000E+00,     2.569427E+00,     3.081298E+00,     3.110798E+00,     3.114870E+00,     3.116624E+00,     3.117696E+00,     3.118377E+00,     3.118811E+00,     3.119089E+00,     3.119267E+00,
  5.000000E+00,     1.000000E+00,     2.414273E+00,     3.071552E+00,     3.110230E+00,     3.114830E+00,     3.116618E+00,     3.117693E+00,     3.118375E+00,     3.118810E+00,     3.119088E+00,     3.119267E+00,
  5.500000E+00,     1.000000E+00,     2.240164E+00,     3.058495E+00,     3.109460E+00,     3.114771E+00,     3.116607E+00,     3.117688E+00,     3.118372E+00,     3.118808E+00,     3.119087E+00,     3.119267E+00,
  6.000000E+00,     1.000000E+00,     2.055383E+00,     3.041139E+00,     3.108427E+00,     3.114689E+00,     3.116592E+00,     3.117681E+00,     3.118368E+00,     3.118806E+00,     3.119086E+00,     3.119267E+00,
  6.500000E+00,     1.000000E+00,     1.870455E+00,     3.018255E+00,     3.107055E+00,     3.114578E+00,     3.116571E+00,     3.117671E+00,     3.118363E+00,     3.118803E+00,     3.119084E+00,     3.119266E+00,
  7.000000E+00,     1.000000E+00,     1.696098E+00,     2.988348E+00,     3.105245E+00,     3.114431E+00,     3.116543E+00,     3.117658E+00,     3.118355E+00,     3.118799E+00,     3.119082E+00,     3.119266E+00,
  7.500000E+00,     1.000000E+00,     1.540995E+00,     2.949650E+00,     3.102868E+00,     3.114239E+00,     3.116508E+00,     3.117642E+00,     3.118346E+00,     3.118793E+00,     3.119078E+00,     3.119265E+00,
  8.000000E+00,     1.000000E+00,     1.410264E+00,     2.900162E+00,     3.099758E+00,     3.113993E+00,     3.116464E+00,     3.117623E+00,     3.118335E+00,     3.118787E+00,     3.119075E+00,     3.119263E+00,
  8.500000E+00,     1.000000E+00,     1.305153E+00,     2.837752E+00,     3.095702E+00,     3.113678E+00,     3.116411E+00,     3.117601E+00,     3.118323E+00,     3.118779E+00,     3.119070E+00,     3.119262E+00,
  9.000000E+00,     1.000000E+00,     1.223845E+00,     2.760363E+00,     3.090425E+00,     3.113278E+00,     3.116348E+00,     3.117575E+00,     3.118308E+00,     3.118771E+00,     3.119065E+00,     3.119260E+00,
  9.500000E+00,     1.000000E+00,     1.162775E+00,     2.666327E+00,     3.083575E+00,     3.112770E+00,     3.116273E+00,     3.117545E+00,     3.118291E+00,     3.118760E+00,     3.119059E+00,     3.119258E+00,
  1.000000E+01,     1.000000E+00,     1.117844E+00,     2.554805E+00,     3.074708E+00,     3.112125E+00,     3.116184E+00,     3.117512E+00,     3.118272E+00,     3.118749E+00,     3.119051E+00,     3.119255E+00,
  1.050000E+01,     1.000000E+00,     1.085219E+00,     2.426288E+00,     3.063259E+00,     3.111305E+00,     3.116079E+00,     3.117474E+00,     3.118251E+00,     3.118736E+00,     3.119044E+00,     3.119253E+00,
  1.100000E+01,     1.000000E+00,     1.061701E+00,     2.283032E+00,     3.048523E+00,     3.110264E+00,     3.115954E+00,     3.117433E+00,     3.118228E+00,     3.118722E+00,     3.119035E+00,     3.119250E+00,
  1.150000E+01,     1.000000E+00,     1.044796E+00,     2.129251E+00,     3.029629E+00,     3.108938E+00,     3.115807E+00,     3.117388E+00,     3.118203E+00,     3.118707E+00,     3.119025E+00,     3.119248E+00,
  1.200000E+01,     1.000000E+00,     1.032642E+00,     1.970870E+00,     3.005515E+00,     3.107249E+00,     3.115631E+00,     3.117338E+00,     3.118176E+00,     3.118690E+00,     3.119015E+00,     3.119245E+00,
  1.250000E+01,     1.000000E+00,     1.023885E+00,     1.814789E+00,     2.974910E+00,     3.105094E+00,     3.115420E+00,     3.117283E+00,     3.118147E+00,     3.118673E+00,     3.119004E+00,     3.119243E+00,
  1.300000E+01,     1.000000E+00,     1.017552E+00,     1.667779E+00,     2.936339E+00,     3.102345E+00,     3.115165E+00,     3.117223E+00,     3.118116E+00,     3.118654E+00,     3.118992E+00,     3.119241E+00,
  1.350000E+01,     1.000000E+00,     1.012952E+00,     1.535348E+00,     2.888144E+00,     3.098834E+00,     3.114855E+00,     3.117157E+00,     3.118084E+00,     3.118633E+00,     3.118979E+00,     3.119240E+00,
  1.400000E+01,     1.000000E+00,     1.009595E+00,     1.420947E+00,     2.828567E+00,     3.094351E+00,     3.114476E+00,     3.117084E+00,     3.118049E+00,     3.118612E+00,     3.118965E+00,     3.119240E+00,
  1.450000E+01,     1.000000E+00,     1.007133E+00,     1.325764E+00,     2.755886E+00,     3.088630E+00,     3.114009E+00,     3.117003E+00,     3.118013E+00,     3.118590E+00,     3.118951E+00,     3.119241E+00,
  1.500000E+01,     1.000000E+00,     1.005318E+00,     1.249053E+00,     2.668651E+00,     3.081334E+00,     3.113429E+00,     3.116912E+00,     3.117974E+00,     3.118567E+00,     3.118936E+00,     3.119244E+00,
  1.550000E+01,     1.000000E+00,     1.003975E+00,     1.188791E+00,     2.565999E+00,     3.072040E+00,     3.112708E+00,     3.116809E+00,     3.117934E+00,     3.118542E+00,     3.118921E+00,     3.119248E+00,
  1.600000E+01,     1.000000E+00,     1.002976E+00,     1.142356E+00,     2.448043E+00,     3.060221E+00,     3.111805E+00,     3.116692E+00,     3.117891E+00,     3.118517E+00,     3.118905E+00,     3.119255E+00,
  1.650000E+01,     1.000000E+00,     1.002231E+00,     1.107063E+00,     2.316238E+00,     3.045224E+00,     3.110672E+00,     3.116556E+00,     3.117846E+00,     3.118491E+00,     3.118889E+00,     3.119264E+00,
  1.700000E+01,     1.000000E+00,     1.001674E+00,     1.080478E+00,     2.173618E+00,     3.026245E+00,     3.109247E+00,     3.116398E+00,     3.117798E+00,     3.118464E+00,     3.118872E+00,     3.119277E+00,
  1.750000E+01,     1.000000E+00,     1.001256E+00,     1.060558E+00,     2.024751E+00,     3.002316E+00,     3.107449E+00,     3.116212E+00,     3.117748E+00,     3.118436E+00,     3.118854E+00,     3.119295E+00,
  1.800000E+01,     1.000000E+00,     1.000942E+00,     1.045666E+00,     1.875317E+00,     2.972280E+00,     3.105179E+00,     3.115990E+00,     3.117693E+00,     3.118407E+00,     3.118837E+00,     3.119317E+00,
  1.850000E+01,     1.000000E+00,     1.000706E+00,     1.034538E+00,     1.731331E+00,     2.934796E+00,     3.102308E+00,     3.115723E+00,     3.117634E+00,     3.118377E+00,     3.118819E+00,     3.119345E+00,
  1.900000E+01,     1.000000E+00,     1.000529E+00,     1.026211E+00,     1.598210E+00,     2.888356E+00,     3.098676E+00,     3.115399E+00,     3.117570E+00,     3.118346E+00,     3.118801E+00,     3.119380E+00,
  1.950000E+01,     1.000000E+00,     1.000395E+00,     1.019966E+00,     1.479962E+00,     2.831345E+00,     3.094079E+00,     3.115004E+00,     3.117500E+00,     3.118314E+00,     3.118782E+00,     3.119424E+00,
  2.000000E+01,     1.000000E+00,     1.000295E+00,     1.015270E+00,     1.378744E+00,     2.762159E+00,     3.088261E+00,     3.114518E+00,     3.117421E+00,     3.118281E+00,     3.118764E+00,     3.119477E+00,
  2.050000E+01,     1.000000E+00,     1.000219E+00,     1.011725E+00,     1.294885E+00,     2.679390E+00,     3.080902E+00,     3.113918E+00,     3.117333E+00,     3.118246E+00,     3.118745E+00,     3.119542E+00,
  2.100000E+01,     1.000000E+00,     1.000162E+00,     1.009039E+00,     1.227281E+00,     2.582099E+00,     3.071602E+00,     3.113172E+00,     3.117233E+00,     3.118210E+00,     3.118726E+00,     3.119620E+00,
  2.150000E+01,     1.000000E+00,     1.000120E+00,     1.006997E+00,     1.173954E+00,     2.470152E+00,     3.059861E+00,     3.112243E+00,     3.117119E+00,     3.118172E+00,     3.118707E+00,     3.119715E+00,
  2.200000E+01,     1.000000E+00,     1.000088E+00,     1.005437E+00,     1.132568E+00,     2.344568E+00,     3.045064E+00,     3.111083E+00,     3.116985E+00,     3.118131E+00,     3.118688E+00,     3.119827E+00,
  2.250000E+01,     1.000000E+00,     1.000064E+00,     1.004241E+00,     1.100820E+00,     2.207778E+00,     3.026459E+00,     3.109629E+00,     3.116829E+00,     3.118088E+00,     3.118670E+00,     3.119962E+00,
  2.300000E+01,     1.000000E+00,     1.000047E+00,     1.003321E+00,     1.076648E+00,     2.063669E+00,     3.003135E+00,     3.107804E+00,     3.116643E+00,     3.118043E+00,     3.118651E+00,     3.120121E+00,
  2.350000E+01,     1.000000E+00,     1.000034E+00,     1.002610E+00,     1.058326E+00,     1.917310E+00,     2.974006E+00,     3.105511E+00,     3.116421E+00,     3.117993E+00,     3.118633E+00,     3.120310E+00,
  2.400000E+01,     1.000000E+00,     1.000024E+00,     1.002058E+00,     1.044467E+00,     1.774341E+00,     2.937810E+00,     3.102627E+00,     3.116153E+00,     3.117939E+00,     3.118616E+00,     3.120532E+00,
  2.450000E+01,     1.000000E+00,     1.000017E+00,     1.001628E+00,     1.033987E+00,     1.640142E+00,     2.893120E+00,     3.098997E+00,     3.115828E+00,     3.117880E+00,     3.118599E+00,     3.120793E+00,
  2.500000E+01,     1.000000E+00,     1.000012E+00,     1.001292E+00,     1.026053E+00,     1.519022E+00,     2.838395E+00,     3.094425E+00,     3.115430E+00,     3.117814E+00,     3.118583E+00,     3.121099E+00,
  2.550000E+01,     1.000000E+00,     1.000009E+00,     1.001029E+00,     1.020037E+00,     1.413678E+00,     2.772076E+00,     3.088667E+00,     3.114941E+00,     3.117741E+00,     3.118567E+00,     3.121456E+00,
  2.600000E+01,     1.000000E+00,     1.000006E+00,     1.000821E+00,     1.015463E+00,     1.325056E+00,     2.692752E+00,     3.081417E+00,     3.114338E+00,     3.117657E+00,     3.118553E+00,     3.121872E+00,
  2.650000E+01,     1.000000E+00,     1.000004E+00,     1.000657E+00,     1.011975E+00,     1.252599E+00,     2.599401E+00,     3.072294E+00,     3.113591E+00,     3.117562E+00,     3.118541E+00,     3.122355E+00,
  2.700000E+01,     1.000000E+00,     1.000003E+00,     1.000528E+00,     1.009307E+00,     1.194720E+00,     2.491698E+00,     3.060823E+00,     3.112662E+00,     3.117451E+00,     3.118530E+00,     3.122913E+00,
  2.750000E+01,     1.000000E+00,     1.000002E+00,     1.000424E+00,     1.007259E+00,     1.149311E+00,     2.370352E+00,     3.046419E+00,     3.111504E+00,     3.117322E+00,     3.118522E+00,     3.123557E+00,
  2.800000E+01,     1.000000E+00,     1.000001E+00,     1.000342E+00,     1.005682E+00,     1.114150E+00,     2.237387E+00,     3.028368E+00,     3.110059E+00,     3.117169E+00,     3.118516E+00,     3.124298E+00,
  2.850000E+01,     1.000000E+00,     1.000001E+00,     1.000276E+00,     1.004464E+00,     1.087169E+00,     2.096241E+00,     3.005801E+00,     3.108251E+00,     3.116988E+00,     3.118513E+00,     3.125147E+00,
  2.900000E+01,     1.000000E+00,     1.000000E+00,     1.000224E+00,     1.003518E+00,     1.066583E+00,     1.951590E+00,     2.977686E+00,     3.105986E+00,     3.116770E+00,     3.118513E+00,     3.126117E+00,
  2.950000E+01,     1.000000E+00,     1.000000E+00,     1.000182E+00,     1.002783E+00,     1.050924E+00,     1.808837E+00,     2.942814E+00,     3.103145E+00,     3.116508E+00,     3.118518E+00,     3.127221E+00,
  3.000000E+01,     1.000000E+00,     1.000000E+00,     1.000147E+00,     1.002208E+00,     1.039027E+00,     1.673356E+00,     2.899813E+00,     3.099581E+00,     3.116188E+00,     3.118528E+00,     3.128472E+00,
  3.050000E+01,     1.000000E+00,     9.999999E-01,     1.000120E+00,     1.001758E+00,     1.029985E+00,     1.549686E+00,     2.847185E+00,     3.095106E+00,     3.115798E+00,     3.118543E+00,     3.129886E+00,
  3.100000E+01,     1.000000E+00,     9.999998E-01,     1.000098E+00,     1.001403E+00,     1.023104E+00,     1.440916E+00,     2.783395E+00,     3.089486E+00,     3.115318E+00,     3.118564E+00,     3.131476E+00,
  3.150000E+01,     1.000000E+00,     9.999998E-01,     1.000080E+00,     1.001124E+00,     1.017857E+00,     1.348445E+00,     2.707012E+00,     3.082429E+00,     3.114727E+00,     3.118591E+00,     3.133257E+00,
  3.200000E+01,     1.000000E+00,     9.999998E-01,     1.000065E+00,     1.000903E+00,     1.013847E+00,     1.272120E+00,     2.616935E+00,     3.073570E+00,     3.113995E+00,     3.118626E+00,     3.135244E+00,
  3.250000E+01,     1.000000E+00,     9.999998E-01,     1.000053E+00,     1.000727E+00,     1.010772E+00,     1.210645E+00,     2.512677E+00,     3.062456E+00,     3.113086E+00,     3.118669E+00,     3.137449E+00,
  3.300000E+01,     1.000000E+00,     9.999997E-01,     1.000044E+00,     1.000588E+00,     1.008408E+00,     1.162076E+00,     2.394700E+00,     3.048529E+00,     3.111956E+00,     3.118721E+00,     3.139885E+00,
  3.350000E+01,     1.000000E+00,     9.999997E-01,     1.000036E+00,     1.000476E+00,     1.006585E+00,     1.124252E+00,     2.264701E+00,     3.031103E+00,     3.110547E+00,     3.118781E+00,     3.142561E+00,
  3.400000E+01,     1.000000E+00,     9.999997E-01,     1.000029E+00,     1.000386E+00,     1.005174E+00,     1.095093E+00,     2.125770E+00,     3.009349E+00,     3.108788E+00,     3.118849E+00,     3.145487E+00,
  3.450000E+01,     1.000000E+00,     9.999997E-01,     1.000024E+00,     1.000314E+00,     1.004079E+00,     1.072761E+00,     1.982273E+00,     2.982273E+00,     3.106588E+00,     3.118925E+00,     3.148668E+00,
  3.500000E+01,     1.000000E+00,     9.999997E-01,     1.000020E+00,     1.000256E+00,     1.003226E+00,     1.055724E+00,     1.839433E+00,     2.948713E+00,     3.103835E+00,     3.119007E+00,     3.152105E+00,
  3.550000E+01,     1.000000E+00,     9.999997E-01,     1.000016E+00,     1.000210E+00,     1.002559E+00,     1.042749E+00,     1.702624E+00,     2.907336E+00,     3.100385E+00,     3.119091E+00,     3.155798E+00,
  3.600000E+01,     1.000000E+00,     9.999997E-01,     1.000013E+00,     1.000172E+00,     1.002036E+00,     1.032870E+00,     1.576575E+00,     2.856679E+00,     3.096060E+00,     3.119175E+00,     3.159741E+00,
  3.650000E+01,     1.000000E+00,     9.999997E-01,     1.000011E+00,     1.000141E+00,     1.001625E+00,     1.025341E+00,     1.464708E+00,     2.795220E+00,     3.090638E+00,     3.119250E+00,     3.163923E+00,
  3.700000E+01,     1.000000E+00,     9.999997E-01,     1.000009E+00,     1.000116E+00,     1.001301E+00,     1.019593E+00,     1.368801E+00,     2.721506E+00,     3.083837E+00,     3.119307E+00,     3.168329E+00,
  3.750000E+01,     1.000000E+00,     9.999997E-01,     1.000007E+00,     1.000096E+00,     1.001045E+00,     1.015195E+00,     1.289043E+00,     2.634362E+00,     3.075310E+00,     3.119333E+00,     3.172937E+00,
  3.800000E+01,     1.000000E+00,     9.999997E-01,     1.000006E+00,     1.000079E+00,     1.000841E+00,     1.011822E+00,     1.224391E+00,     2.533160E+00,     3.064623E+00,     3.119307E+00,     3.177723E+00,
  3.850000E+01,     1.000000E+00,     9.999997E-01,     1.000005E+00,     1.000065E+00,     1.000679E+00,     1.009226E+00,     1.173041E+00,     2.418146E+00,     3.051243E+00,     3.119202E+00,     3.182653E+00,
  3.900000E+01,     1.000000E+00,     9.999997E-01,     1.000004E+00,     1.000054E+00,     1.000549E+00,     1.007224E+00,     1.132883E+00,     2.290736E+00,     3.034513E+00,     3.118984E+00,     3.187693E+00,
  3.950000E+01,     1.000000E+00,     9.999997E-01,     1.000003E+00,     1.000045E+00,     1.000446E+00,     1.005674E+00,     1.101824E+00,     2.153713E+00,     3.013635E+00,     3.118600E+00,     3.192799E+00,
  4.000000E+01,     1.000000E+00,     9.999997E-01,     1.000003E+00,     1.000037E+00,     1.000363E+00,     1.004470E+00,     1.077978E+00,     2.011172E+00,     2.987655E+00,     3.117987E+00,     3.197926E+00,
  4.050000E+01,     1.000000E+00,     9.999997E-01,     1.000002E+00,     1.000031E+00,     1.000296E+00,     1.003533E+00,     1.059753E+00,     1.868169E+00,     2.955445E+00,     3.117056E+00,     3.203020E+00,
  4.100000E+01,     1.000000E+00,     9.999997E-01,     1.000002E+00,     1.000026E+00,     1.000242E+00,     1.002801E+00,     1.045854E+00,     1.730073E+00,     2.915712E+00,     3.115690E+00,     3.208026E+00,
  4.150000E+01,     1.000000E+00,     9.999997E-01,     1.000001E+00,     1.000021E+00,     1.000198E+00,     1.002227E+00,     1.035262E+00,     1.601777E+00,     2.867018E+00,     3.113737E+00,     3.212878E+00,
  4.200000E+01,     1.000000E+00,     9.999998E-01,     1.000001E+00,     1.000018E+00,     1.000162E+00,     1.001776E+00,     1.027184E+00,     1.486996E+00,     2.807848E+00,     3.110995E+00,     3.217506E+00,
  4.250000E+01,     1.000000E+00,     9.999998E-01,     1.000001E+00,     1.000015E+00,     1.000134E+00,     1.001420E+00,     1.021014E+00,     1.387854E+00,     2.736725E+00,     3.107202E+00,     3.221826E+00,
  4.300000E+01,     1.000000E+00,     9.999998E-01,     1.000001E+00,     1.000012E+00,     1.000110E+00,     1.001139E+00,     1.016292E+00,     1.304861E+00,     2.652398E+00,     3.102015E+00,     3.225738E+00,
  4.350000E+01,     1.000000E+00,     9.999998E-01,     1.000000E+00,     1.000010E+00,     1.000091E+00,     1.000915E+00,     1.012669E+00,     1.237207E+00,     2.554099E+00,     3.094990E+00,     3.229120E+00,
  4.400000E+01,     1.000000E+00,     9.999998E-01,     1.000000E+00,     1.000009E+00,     1.000075E+00,     1.000738E+00,     1.009882E+00,     1.183226E+00,     2.441858E+00,     3.085549E+00,     3.231806E+00,
  4.450000E+01,     1.000000E+00,     9.999998E-01,     1.000000E+00,     1.000007E+00,     1.000062E+00,     1.000596E+00,     1.007731E+00,     1.140857E+00,     2.316815E+00,     3.072946E+00,     3.233574E+00,
  4.500000E+01,     1.000000E+00,     9.999998E-01,     1.000000E+00,     1.000006E+00,     1.000052E+00,     1.000483E+00,     1.006066E+00,     1.107994E+00,     2.181434E+00,     3.056208E+00,     3.234094E+00,
  4.550000E+01,     1.000000E+00,     9.999998E-01,     1.000000E+00,     1.000005E+00,     1.000043E+00,     1.000392E+00,     1.004772E+00,     1.082707E+00,     2.039515E+00,     3.034069E+00,     3.232871E+00,
  4.600000E+01,     1.000000E+00,     9.999998E-01,     1.000000E+00,     1.000004E+00,     1.000036E+00,     1.000319E+00,     1.003764E+00,     1.063339E+00,     1.895895E+00,     3.004862E+00,     3.229111E+00,
  4.650000E+01,     1.000000E+00,     9.999998E-01,     9.999999E-01,     1.000003E+00,     1.000029E+00,     1.000259E+00,     1.002975E+00,     1.048535E+00,     1.755841E+00,     2.966355E+00,     3.221486E+00,
  4.700000E+01,     1.000000E+00,     9.999998E-01,     9.999999E-01,     1.000003E+00,     1.000024E+00,     1.000211E+00,     1.002354E+00,     1.037212E+00,     1.624253E+00,     2.915465E+00,     3.207657E+00,
  4.750000E+01,     1.000000E+00,     9.999998E-01,     9.999999E-01,     1.000002E+00,     1.000020E+00,     1.000171E+00,     1.001861E+00,     1.028519E+00,     1.504865E+00,     2.847721E+00,     3.183305E+00,
  4.800000E+01,     1.000000E+00,     9.999998E-01,     9.999999E-01,     1.000002E+00,     1.000017E+00,     1.000138E+00,     1.001465E+00,     1.021788E+00,     1.399661E+00,     2.756195E+00,     3.140054E+00,
  4.850000E+01,     1.000000E+00,     9.999999E-01,     9.999999E-01,     1.000002E+00,     1.000013E+00,     1.000110E+00,     1.001140E+00,     1.016479E+00,     1.308551E+00,     2.629295E+00,     3.061054E+00,
  4.900000E+01,     1.000000E+00,     9.999999E-01,     9.999999E-01,     1.000001E+00,     1.000011E+00,     1.000085E+00,     1.000862E+00,     1.012130E+00,     1.229188E+00,     2.446351E+00,     2.911970E+00,
  4.950000E+01,     1.000000E+00,     9.999999E-01,     9.999999E-01,     1.000001E+00,     1.000008E+00,     1.000061E+00,     1.000603E+00,     1.008283E+00,     1.156541E+00,     2.169875E+00,     2.625808E+00,
