alpha(x) =  0.500  beta(v) =  0.700  delta (t) = 0.050Free stream: density =  1.000  velocity = -1.000  temperature =  1.000  Execution time =    24.58 s
vxmax=   7.00  vxmin=  -7.00  vymax=   7.00  vymin=  -7.00  vzmax=   7.00  vzmin=  -7.00
x, t=      0.0, t=      5.0, t=     10.0, t=     15.0, t=     20.0, t=     25.0, t=     30.0, t=     35.0, t=     40.0, t=     45.0, t=     50.0,
  0.000000E+00,     7.074376E-09,    -1.012370E-03,    -5.793455E-04,    -3.400021E-04,    -2.107357E-04,    -1.386972E-04,    -9.611704E-05,    -6.940511E-05,    -5.176470E-05,    -3.963143E-05,    -3.118669E-05,
  5.000000E-01,     7.074376E-09,    -9.361590E-03,    -6.104877E-03,    -3.398325E-03,    -2.029205E-03,    -1.306059E-03,    -8.934870E-04,    -6.405496E-04,    -4.760027E-04,    -3.638147E-04,    -2.851208E-04,
  1.000000E+00,     7.074376E-09,    -1.130674E-02,    -1.112706E-02,    -6.337183E-03,    -3.801073E-03,    -2.450349E-03,    -1.677778E-03,    -1.203606E-03,    -8.949230E-04,    -6.843390E-04,    -5.364633E-04,
  1.500000E+00,     7.074376E-09,    -4.000921E-03,    -1.523806E-02,    -9.050007E-03,    -5.483762E-03,    -3.550194E-03,    -2.436757E-03,    -1.750950E-03,    -1.303477E-03,    -9.977068E-04,    -7.827114E-04,
  2.000000E+00,     7.074376E-09,     1.480596E-02,    -1.808465E-02,    -1.144048E-02,    -7.037914E-03,    -4.585549E-03,    -3.158836E-03,    -2.275309E-03,    -1.696828E-03,    -1.300555E-03,    -1.021453E-03,
  2.500000E+00,     7.074376E-09,     4.680656E-02,    -1.937474E-02,    -1.342588E-02,    -8.428562E-03,    -5.538179E-03,    -3.833300E-03,    -2.769883E-03,    -2.070413E-03,    -1.589693E-03,    -1.250390E-03,
  3.000000E+00,     7.074376E-09,     9.305379E-02,    -1.887370E-02,    -1.493920E-02,    -9.626092E-03,    -6.392082E-03,    -4.450518E-03,    -3.228456E-03,    -2.420013E-03,    -1.862142E-03,    -1.467365E-03,
  3.500000E+00,     7.074376E-09,     1.536434E-01,    -1.639194E-02,    -1.592997E-02,    -1.060692E-02,    -7.133840E-03,    -5.002121E-03,    -3.645496E-03,    -2.741809E-03,    -2.115176E-03,    -1.670385E-03,
  4.000000E+00,     7.074376E-09,     2.271178E-01,    -1.176555E-02,    -1.636377E-02,    -1.135387E-02,    -7.752871E-03,    -5.481157E-03,    -4.016247E-03,    -3.032440E-03,    -2.346352E-03,    -1.857644E-03,
  4.500000E+00,     7.074376E-09,     3.096697E-01,    -4.832397E-03,    -1.622040E-02,    -1.185623E-02,    -8.241585E-03,    -5.882189E-03,    -4.336793E-03,    -3.289043E-03,    -2.553541E-03,    -2.027545E-03,
  5.000000E+00,     7.074376E-09,     3.944704E-01,     4.593773E-03,    -1.549097E-02,    -1.210955E-02,    -8.595428E-03,    -6.201366E-03,    -4.604110E-03,    -3.509294E-03,    -2.734956E-03,    -2.178716E-03,
  5.500000E+00,     7.074376E-09,     4.717745E-01,     1.674810E-02,    -1.417408E-02,    -1.211502E-02,    -8.812822E-03,    -6.436441E-03,    -4.816095E-03,    -3.691425E-03,    -2.889164E-03,    -2.310026E-03,
  6.000000E+00,     7.074376E-09,     5.305474E-01,     3.193479E-02,    -1.227114E-02,    -1.187879E-02,    -8.895017E-03,    -6.586745E-03,    -4.971570E-03,    -3.834239E-03,    -3.015104E-03,    -2.420591E-03,
  6.500000E+00,     7.074376E-09,     5.616821E-01,     5.053799E-02,    -9.781321E-03,    -1.141092E-02,    -8.845846E-03,    -6.653129E-03,    -5.070269E-03,    -3.937116E-03,    -3.112088E-03,    -2.509786E-03,
  7.000000E+00,     7.074376E-09,     5.614333E-01,     7.301664E-02,    -6.695942E-03,    -1.072424E-02,    -8.671412E-03,    -6.637856E-03,    -5.112807E-03,    -3.999994E-03,    -3.179801E-03,    -2.577240E-03,
  7.500000E+00,     7.074376E-09,     5.328285E-01,     9.987391E-02,    -2.992677E-03,    -9.833141E-03,    -8.379716E-03,    -6.544477E-03,    -5.100625E-03,    -4.023359E-03,    -3.218296E-03,    -2.622842E-03,
  8.000000E+00,     7.074376E-09,     4.839915E-01,     1.315880E-01,     1.370515E-03,    -8.752202E-03,    -7.980242E-03,    -6.377667E-03,    -5.035928E-03,    -4.008206E-03,    -3.227977E-03,    -2.646732E-03,
  8.500000E+00,     7.074376E-09,     4.246649E-01,     1.684885E-01,     6.461625E-03,    -7.494831E-03,    -7.483514E-03,    -6.143047E-03,    -4.921603E-03,    -3.956009E-03,    -3.209584E-03,    -2.649289E-03,
  9.000000E+00,     7.074376E-09,     3.631845E-01,     2.105630E-01,     1.238098E-02,    -6.071875E-03,    -6.900640E-03,    -5.846994E-03,    -4.761125E-03,    -3.868672E-03,    -3.164167E-03,    -2.631125E-03,
  9.500000E+00,     7.074376E-09,     3.051227E-01,     2.571921E-01,     1.926773E-02,    -4.490207E-03,    -6.242852E-03,    -5.496439E-03,    -4.558467E-03,    -3.748477E-03,    -3.093060E-03,    -2.593067E-03,
  1.000000E+01,     7.074376E-09,     2.533775E-01,     3.068419E-01,     2.730622E-02,    -2.751305E-03,    -5.521065E-03,    -5.098669E-03,    -4.317988E-03,    -3.598032E-03,    -2.997849E-03,    -2.536139E-03,
  1.050000E+01,     7.074376E-09,     2.089190E-01,     3.568039E-01,     3.673186E-02,    -8.497828E-04,    -4.745434E-03,    -4.661121E-03,    -4.044337E-03,    -3.420209E-03,    -2.880338E-03,    -2.461545E-03,
  1.100000E+01,     7.074376E-09,     1.715853E-01,     4.031509E-01,     4.783566E-02,     1.228144E-03,    -3.924950E-03,    -4.191198E-03,    -3.742343E-03,    -3.218087E-03,    -2.742515E-03,    -2.370645E-03,
  1.150000E+01,     7.074376E-09,     1.406693E-01,     4.411121E-01,     6.096596E-02,     3.506307E-03,    -3.067044E-03,    -3.696088E-03,    -3.416914E-03,    -2.994891E-03,    -2.586514E-03,    -2.264936E-03,
  1.200000E+01,     7.074376E-09,     1.152740E-01,     4.659792E-01,     7.652490E-02,     6.020404E-03,    -2.177213E-03,    -3.182595E-03,    -3.072943E-03,    -2.753931E-03,    -2.414578E-03,    -2.146027E-03,
  1.250000E+01,     7.074376E-09,     9.449799E-02,     4.743689E-01,     9.495546E-02,     8.820061E-03,    -1.258655E-03,    -2.656991E-03,    -2.715219E-03,    -2.498548E-03,    -2.229023E-03,    -2.015615E-03,
  1.300000E+01,     7.074376E-09,     7.752023E-02,     4.653230E-01,     1.167134E-01,     1.197119E-02,    -3.119106E-04,    -2.124883E-03,    -2.348342E-03,    -2.232056E-03,    -2.032201E-03,    -1.875465E-03,
  1.350000E+01,     7.074376E-09,     6.363296E-02,     4.406522E-01,     1.422158E-01,     1.555876E-02,     6.655131E-04,    -1.591091E-03,    -1.976651E-03,    -1.957697E-03,    -1.826467E-03,    -1.727386E-03,
  1.400000E+01,     7.074376E-09,     5.224784E-02,     4.043055E-01,     1.717559E-01,     1.968991E-02,     1.679541E-03,    -1.059546E-03,    -1.604162E-03,    -1.678591E-03,    -1.614146E-03,    -1.573210E-03,
  1.450000E+01,     7.074376E-09,     4.288859E-02,     3.611289E-01,     2.053762E-01,     2.449767E-02,     2.739981E-03,    -5.331966E-04,    -1.234515E-03,    -1.397701E-03,    -1.397506E-03,    -1.414770E-03,
  1.500000E+01,     7.074376E-09,     3.517618E-02,     3.156522E-01,     2.426956E-01,     3.014492E-02,     3.861043E-03,    -1.392434E-05,    -8.709282E-04,    -1.117795E-03,    -1.178725E-03,    -1.253887E-03,
  1.550000E+01,     7.074376E-09,     2.881080E-02,     2.713487E-01,     2.827068E-01,     3.682877E-02,     5.061961E-03,     4.975351E-04,    -5.161625E-04,    -8.414165E-04,    -9.598771E-04,    -1.092345E-03,
  1.600000E+01,     7.074376E-09,     2.355391E-02,     2.304357E-01,     3.235902E-01,     4.478471E-02,     6.367746E-03,     1.001672E-03,    -1.724973E-04,    -5.708653E-04,    -7.429035E-04,    -9.318831E-04,
  1.650000E+01,     7.074376E-09,     1.921316E-02,     1.940354E-01,     3.626365E-01,     5.429003E-02,     7.810107E-03,     1.500287E-03,     1.582911E-04,    -3.081765E-04,    -5.296011E-04,    -7.741791E-04,
  1.700000E+01,     7.074376E-09,     1.563116E-02,     1.624789E-01,     3.964012E-01,     6.566521E-02,     9.428584E-03,     1.996593E-03,     4.749431E-04,    -5.510954E-05,    -3.216074E-04,    -6.208404E-04,
  1.750000E+01,     7.074376E-09,     1.267785E-02,     1.356049E-01,     4.211929E-01,     7.927121E-02,     1.127194E-02,     2.495330E-03,     7.767246E-04,     1.868595E-04,    -1.203908E-04,    -4.733952E-04,
  1.800000E+01,     7.074376E-09,     1.024562E-02,     1.129913E-01,     4.338649E-01,     9.549959E-02,     1.339985E-02,     3.002914E-03,     1.063435E-03,     4.165409E-04,     7.275575E-05,    -3.332859E-04,
  1.850000E+01,     7.074376E-09,     8.245720E-03,     9.410979E-02,     4.326775E-01,     1.147507E-01,     1.588499E-02,     3.527625E-03,     1.335413E-03,     6.330309E-04,     2.567187E-04,    -2.018650E-04,
  1.900000E+01,     7.074376E-09,     6.605174E-03,     7.841923E-02,     4.178505E-01,     1.373938E-01,     1.881546E-02,     4.079844E-03,     1.593544E-03,     8.357075E-04,     4.305643E-04,    -8.039291E-05,
  1.950000E+01,     7.074376E-09,     5.263918E-03,     6.541404E-02,     3.915090E-01,     1.637003E-01,     2.229774E-02,     4.672348E-03,     1.839274E-03,     1.024225E-03,     5.935371E-04,     2.996312E-05,
  2.000000E+01,     7.074376E-09,     4.172127E-03,     5.464606E-02,     3.570436E-01,     1.937445E-01,     2.646004E-02,     5.320698E-03,     2.074626E-03,     1.198504E-03,     7.450558E-04,     1.281282E-04,
  2.050000E+01,     7.074376E-09,     3.287994E-03,     4.573039E-02,     3.182076E-01,     2.272658E-01,     3.145614E-02,     6.043708E-03,     2.302226E-03,     1.358726E-03,     8.847075E-04,     2.131181E-04,
  2.100000E+01,     7.074376E-09,     2.576073E-03,     3.834296E-02,     2.783432E-01,     2.635023E-01,     3.746940E-02,     6.864046E-03,     2.525347E-03,     1.505321E-03,     1.012240E-03,     2.840367E-04,
  2.150000E+01,     7.074376E-09,     2.006174E-03,     3.221427E-02,     2.399541E-01,     3.010273E-01,     4.471680E-02,     7.808971E-03,     2.747958E-03,     1.638963E-03,     1.127554E-03,     3.400729E-04,
  2.200000E+01,     7.074376E-09,     1.552642E-03,     2.712190E-02,     2.046223E-01,     3.376516E-01,     5.345235E-02,     8.911250E-03,     2.974805E-03,     1.760557E-03,     1.230692E-03,     3.804984E-04,
  2.250000E+01,     7.074376E-09,     1.193847E-03,     2.288309E-02,     1.731418E-01,     3.704891E-01,     6.396881E-02,     1.021027E-02,     3.211507E-03,     1.871245E-03,     1.321832E-03,     4.046655E-04,
  2.300000E+01,     7.074376E-09,     9.117284E-04,     1.934796E-02,     1.457348E-01,     3.962783E-01,     7.659599E-02,     1.175343E-02,     3.464682E-03,     1.972394E-03,     1.401274E-03,     4.120063E-04,
  2.350000E+01,     7.074376E-09,     6.913355E-04,     1.639363E-02,     1.222616E-01,     4.119790E-01,     9.169303E-02,     1.359778E-02,     3.742119E-03,     2.065610E-03,     1.469433E-03,     4.020341E-04,
  2.400000E+01,     7.074376E-09,     5.203670E-04,     1.391938E-02,     1.023844E-01,     4.155135E-01,     1.096306E-01,     1.581201E-02,     4.052978E-03,     2.152741E-03,     1.526830E-03,     3.743476E-04,
  2.450000E+01,     7.074376E-09,     3.887343E-04,     1.184251E-02,     8.568099E-02,     4.063704E-01,     1.307577E-01,     1.847887E-02,     4.408055E-03,     2.235895E-03,     1.574084E-03,     3.286383E-04,
  2.500000E+01,     7.074376E-09,     2.881867E-04,     1.009510E-02,     7.171394E-02,     3.857800E-01,     1.553455E-01,     2.169795E-02,     4.820107E-03,     2.317465E-03,     1.611908E-03,     2.647027E-04,
  2.550000E+01,     7.074376E-09,     2.120034E-04,     8.621321E-03,     6.006950E-02,     3.563589E-01,     1.835028E-01,     2.558890E-02,     5.304247E-03,     2.400165E-03,     1.641106E-03,     1.824599E-04,
  2.600000E+01,     7.074376E-09,     1.547470E-04,     7.375228E-03,     5.037605E-02,     3.213994E-01,     2.150564E-01,     3.029506E-02,     5.878444E-03,     2.487072E-03,     1.662567E-03,     8.197604E-05,
  2.650000E+01,     7.074376E-09,     1.120602E-04,     6.319034E-03,     4.231027E-02,     2.841247E-01,     2.494029E-01,     3.598740E-02,     6.564124E-03,     2.581690E-03,     1.677275E-03,    -3.650356E-05,
  2.700000E+01,     7.074376E-09,     8.048984E-05,     5.421639E-03,     3.559663E-02,     2.471712E-01,     2.853540E-01,     4.286842E-02,     7.386909E-03,     2.688023E-03,     1.686307E-03,    -1.725130E-04,
  2.750000E+01,     7.074376E-09,     5.733015E-05,     4.657437E-03,     3.000351E-02,     2.123766E-01,     3.210252E-01,     5.117555E-02,     8.377520E-03,     2.810677E-03,     1.690851E-03,    -3.253140E-04,
  2.800000E+01,     7.074376E-09,     4.048263E-05,     4.005327E-03,     2.533792E-02,     1.808115E-01,     3.538499E-01,     6.118323E-02,     9.572876E-03,     2.954971E-03,     1.692215E-03,    -4.938311E-04,
  2.850000E+01,     7.074376E-09,     2.833394E-05,     3.447882E-03,     2.143997E-02,     1.529371E-01,     3.808073E-01,     7.320199E-02,     1.101742E-02,     3.127095E-03,     1.691854E-03,    -6.765743E-04,
  2.900000E+01,     7.074376E-09,     1.965319E-05,     2.970664E-03,     1.817764E-02,     1.287942E-01,     3.989077E-01,     8.757232E-02,     1.276470E-02,     3.334284E-03,     1.691397E-03,    -8.715456E-04,
  2.950000E+01,     7.074376E-09,     1.350845E-05,     2.561650E-03,     1.544215E-02,     1.081691E-01,     4.058582E-01,     1.046498E-01,     1.487934E-02,     3.585050E-03,     1.692686E-03,    -1.076128E-03,
  3.000000E+01,     7.074376E-09,     9.200041E-06,     2.210772E-03,     1.314392E-02,     9.071760E-02,     4.006887E-01,     1.247764E-01,     1.743926E-02,     3.889447E-03,     1.697825E-03,    -1.286957E-03,
  3.050000E+01,     7.074376E-09,     6.207870E-06,     1.909539E-03,     1.120920E-02,     7.604685E-02,     3.840559E-01,     1.482321E-01,     2.053839E-02,     4.259412E-03,     1.709247E-03,    -1.499770E-03,
  3.100000E+01,     7.074376E-09,     4.149550E-06,     1.650743E-03,     9.577205E-03,     6.376540E-02,     3.580662E-01,     1.751589E-01,     2.428976E-02,     4.709165E-03,     1.729784E-03,    -1.709233E-03,
  3.150000E+01,     7.074376E-09,     2.747184E-06,     1.428229E-03,     8.197798E-03,     5.350969E-02,     3.256973E-01,     2.054543E-01,     2.882899E-02,     5.255711E-03,     1.762774E-03,    -1.908746E-03,
  3.200000E+01,     7.074376E-09,     1.801081E-06,     1.236723E-03,     7.029563E-03,     4.495612E-02,     2.900875E-01,     2.386336E-01,     3.431808E-02,     5.919434E-03,     1.812173E-03,    -2.090221E-03,
  3.250000E+01,     7.074376E-09,     1.169252E-06,     1.071698E-03,     6.038232E-03,     3.782440E-02,     2.539665E-01,     2.736806E-01,     4.094928E-02,     6.724837E-03,     1.882713E-03,    -2.243834E-03,
  3.300000E+01,     7.074376E-09,     7.517276E-07,     9.292728E-04,     5.195397E-03,     3.187596E-02,     2.193581E-01,     3.089254E-01,     4.894853E-02,     7.701425E-03,     1.980081E-03,    -2.357745E-03,
  3.350000E+01,     7.074376E-09,     4.788011E-07,     8.061338E-04,     4.477469E-03,     2.691019E-02,     1.875370E-01,     3.420234E-01,     5.857783E-02,     8.884787E-03,     2.111145E-03,    -2.417799E-03,
  3.400000E+01,     7.074376E-09,     3.023540E-07,     6.994665E-04,     3.864815E-03,     2.275969E-02,     1.591427E-01,     3.701185E-01,     7.013500E-02,     1.031789E-02,     2.284237E-03,    -2.407182E-03,
  3.450000E+01,     7.074376E-09,     1.895369E-07,     6.068954E-04,     3.341065E-03,     1.928551E-02,     1.343513E-01,     3.902502E-01,     8.394886E-02,     1.205267E-02,     2.509491E-03,    -2.306064E-03,
  3.500000E+01,     7.074376E-09,     1.181914E-07,     5.264266E-04,     2.892540E-03,     1.637262E-02,     1.130410E-01,     3.999642E-01,     1.003666E-01,     1.415187E-02,     2.799266E-03,    -2.091198E-03,
  3.550000E+01,     7.074376E-09,     7.355848E-08,     4.563936E-04,     2.507787E-03,     1.392603E-02,     9.492456E-02,     3.979471E-01,     1.197290E-01,     1.669134E-02,     3.168654E-03,    -1.735493E-03,
  3.600000E+01,     7.074376E-09,     4.593136E-08,     3.954037E-04,     2.177196E-03,     1.186730E-02,     7.964048E-02,     3.844207E-01,     1.423269E-01,     1.976261E-02,     3.636118E-03,    -1.207566E-03,
  3.650000E+01,     7.074376E-09,     2.900539E-08,     3.422885E-04,     1.892690E-03,     1.013167E-02,     6.681155E-02,     3.610961E-01,     1.683335E-01,     2.347599E-02,     4.224250E-03,    -4.712616E-04,
  3.700000E+01,     7.074376E-09,     1.873616E-08,     2.960596E-04,     1.647463E-03,     8.665636E-03,     5.607783E-02,     3.307018E-01,     1.977058E-01,     2.796404E-02,     4.960720E-03,     5.148412E-04,
  3.750000E+01,     7.074376E-09,     1.256289E-08,     2.558695E-04,     1.435774E-03,     7.424968E-03,     4.711329E-02,     2.963076E-01,     2.300561E-01,     3.338535E-02,     5.879411E-03,     1.797932E-03,
  3.800000E+01,     7.074376E-09,     8.887762E-09,     2.209809E-04,     1.252767E-03,     6.373033E-03,     3.963200E-02,     2.607194E-01,     2.645054E-01,     3.992847E-02,     7.021812E-03,     3.431460E-03,
  3.850000E+01,     7.074376E-09,     6.730669E-09,     1.907427E-04,     1.094331E-03,     5.479456E-03,     3.338851E-02,     2.261158E-01,     2.995542E-01,     4.781563E-02,     8.438697E-03,     5.475595E-03,
  3.900000E+01,     7.074376E-09,     5.502901E-09,     1.645736E-04,     9.569783E-04,     4.719006E-03,     2.817504E-02,     1.939436E-01,     3.330333E-01,     5.730540E-02,     1.019216E-02,     7.997609E-03,
  3.950000E+01,     7.074376E-09,     4.859795E-09,     1.419519E-04,     8.377442E-04,     4.070689E-03,     2.381742E-02,     1.649930E-01,     3.622178E-01,     6.869322E-02,     1.235802E-02,     1.107215E-02,
  4.000000E+01,     7.074376E-09,     4.606242E-09,     1.224088E-04,     7.341064E-04,     3.517003E-03,     2.017051E-02,     1.395540E-01,     3.841717E-01,     8.230780E-02,     1.502875E-02,     1.478129E-02,
  4.050000E+01,     7.074376E-09,     4.636634E-09,     1.055259E-04,     6.439146E-04,     3.043332E-03,     1.711388E-02,     1.175820E-01,     3.963108E-01,     9.850046E-02,     1.831687E-02,     1.921435E-02,
  4.100000E+01,     7.074376E-09,     4.897127E-09,     9.093365E-05,     5.653335E-04,     2.637443E-03,     1.454785E-02,     9.883652E-02,     3.970403E-01,     1.176231E-01,     2.235891E-02,     2.446719E-02,
  4.150000E+01,     7.074376E-09,     5.361825E-09,     7.830919E-05,     4.967936E-04,     2.289082E-03,     1.238999E-02,     8.298077E-02,     3.862168E-01,     1.399890E-01,     2.731994E-02,     3.064110E-02,
  4.200000E+01,     7.074376E-09,     6.017801E-09,     6.737488E-05,     4.369515E-04,     1.989634E-03,     1.057218E-02,     6.964774E-02,     3.652113E-01,     1.658108E-01,     3.339865E-02,     3.784076E-02,
  4.250000E+01,     7.074376E-09,     6.855059E-09,     5.789480E-05,     3.846547E-04,     1.731851E-03,     9.038123E-03,     5.847880E-02,     3.365315E-01,     1.951077E-01,     4.083275E-02,     4.617145E-02,
  4.300000E+01,     7.074376E-09,     7.860048E-09,     4.967053E-05,     3.389136E-04,     1.509620E-03,     7.741222E-03,     4.914422E-02,     3.031823E-01,     2.275823E-01,     4.990446E-02,     5.573496E-02,
  4.350000E+01,     7.074376E-09,     9.011073E-09,     4.253608E-05,     2.988764E-04,     1.317779E-03,     6.642907E-03,     4.135202E-02,     2.680354E-01,     2.624757E-01,     6.094554E-02,     6.662442E-02,
  4.400000E+01,     7.074376E-09,     1.027479E-08,     3.635240E-05,     2.638088E-04,     1.151960E-03,     5.711195E-03,     3.484982E-02,     2.334087E-01,     2.984299E-01,     7.434088E-02,     7.891782E-02,
  4.450000E+01,     7.074376E-09,     1.160354E-08,     3.100203E-05,     2.330766E-04,     1.008462E-03,     4.919534E-03,     2.942302E-02,     2.009068E-01,     3.334155E-01,     9.052935E-02,     9.267065E-02,
  4.500000E+01,     7.074376E-09,     1.293303E-08,     2.638429E-05,     2.061309E-04,     8.841427E-04,     4.245844E-03,     2.489111E-02,     1.714596E-01,     3.648067E-01,     1.100000E-01,     1.079087E-01,
  4.550000E+01,     7.074376E-09,     1.418044E-08,     2.241124E-05,     1.824955E-04,     7.763313E-04,     3.671743E-03,     2.110340E-02,     1.454642E-01,     3.896788E-01,     1.332811E-01,     1.246227E-01,
  4.600000E+01,     7.074376E-09,     1.524345E-08,     1.900475E-05,     1.617562E-04,     6.827551E-04,     3.181905E-03,     1.793476E-02,     1.229494E-01,     4.053390E-01,     1.609199E-01,     1.427697E-01,
  4.650000E+01,     7.074376E-09,     1.600056E-08,     1.609444E-05,     1.435523E-04,     6.014775E-04,     2.763533E-03,     1.528160E-02,     1.037206E-01,     4.099768E-01,     1.934528E-01,     1.622869E-01,
  4.700000E+01,     7.074376E-09,     1.631179E-08,     1.361650E-05,     1.275680E-04,     5.308473E-04,     2.405937E-03,     1.305838E-02,     8.746730E-02,     4.031947E-01,     2.313715E-01,     1.831337E-01,
  4.750000E+01,     7.074376E-09,     1.601903E-08,     1.151313E-05,     1.135266E-04,     4.694537E-04,     2.100169E-03,     1.119457E-02,     7.383647E-02,     3.861759E-01,     2.751063E-01,     2.053865E-01,
  4.800000E+01,     7.074376E-09,     1.494340E-08,     9.732269E-06,     1.011836E-04,     4.160886E-04,     1.838729E-03,     9.632068E-03,     6.247642E-02,     3.613974E-01,     3.250877E-01,     2.294349E-01,
  4.850000E+01,     7.074376E-09,     1.287904E-08,     8.227216E-06,     9.032112E-05,     3.697094E-04,     1.615297E-03,     8.322895E-03,     5.306078E-02,     3.320246E-01,     3.820283E-01,     2.563870E-01,
  4.900000E+01,     7.074376E-09,     9.584266E-09,     6.955779E-06,     8.074055E-05,     3.293995E-04,     1.424479E-03,     7.227179E-03,     4.529829E-02,     3.012546E-01,     4.477829E-01,     2.889414E-01,
  4.950000E+01,     7.074376E-09,     4.773173E-09,     5.878248E-06,     7.225330E-05,     2.943186E-04,     1.261517E-03,     6.311051E-03,     3.893251E-02,     2.718186E-01,     5.277460E-01,     3.334725E-01,
