alpha(x) =  0.500  beta(v) =  0.700  delta (t) = 0.050Free stream: density =  1.000  velocity = -2.000  temperature =  1.000  Execution time =    21.40 s
vxmax=   7.00  vxmin=  -7.00  vymax=   7.00  vymin=  -7.00  vzmax=   7.00  vzmin=  -7.00
x, t=      0.0, t=      5.0, t=     10.0, t=     15.0, t=     20.0, t=     25.0, t=     30.0, t=     35.0, t=     40.0, t=     45.0, t=     50.0,
  0.000000E+00,    -2.000000E+00,    -9.831178E-05,    -6.637962E-05,    -5.378776E-05,    -4.825126E-05,    -4.450520E-05,    -4.155286E-05,    -3.911749E-05,    -3.705324E-05,    -3.526042E-05,    -3.364815E-05,
  5.000000E-01,    -2.000000E+00,    -8.446485E-04,    -6.070753E-04,    -4.932060E-04,    -4.393564E-04,    -4.026519E-04,    -3.741126E-04,    -3.509369E-04,    -3.315737E-04,    -3.149705E-04,    -3.002144E-04,
  1.000000E+00,    -2.000000E+00,    -1.826851E-03,    -1.156071E-03,    -9.333254E-04,    -8.309800E-04,    -7.617212E-04,    -7.079056E-04,    -6.641815E-04,    -6.276291E-04,    -5.962721E-04,    -5.683954E-04,
  1.500000E+00,    -2.000000E+00,    -3.217549E-03,    -1.710798E-03,    -1.368889E-03,    -1.218589E-03,    -1.117979E-03,    -1.039796E-03,    -9.761461E-04,    -9.228301E-04,    -8.770142E-04,    -8.362274E-04,
  2.000000E+00,    -2.000000E+00,    -5.239730E-03,    -2.268272E-03,    -1.796683E-03,    -1.599655E-03,    -1.469507E-03,    -1.368299E-03,    -1.285650E-03,    -1.216210E-03,    -1.156385E-03,    -1.103016E-03,
  2.500000E+00,    -2.000000E+00,    -8.343267E-03,    -2.823018E-03,    -2.213904E-03,    -1.972220E-03,    -1.814885E-03,    -1.692357E-03,    -1.591882E-03,    -1.507134E-03,    -1.433876E-03,    -1.368345E-03,
  3.000000E+00,    -2.000000E+00,    -1.356680E-02,    -3.367588E-03,    -2.617963E-03,    -2.334665E-03,    -2.152964E-03,    -2.011118E-03,    -1.894194E-03,    -1.795096E-03,    -1.709085E-03,    -1.631893E-03,
  3.500000E+00,    -2.000000E+00,    -2.321981E-02,    -3.894116E-03,    -3.006588E-03,    -2.685710E-03,    -2.482844E-03,    -2.323904E-03,    -2.192060E-03,    -2.079681E-03,    -1.981680E-03,    -1.893391E-03,
  4.000000E+00,    -2.000000E+00,    -4.213811E-02,    -4.396266E-03,    -3.378024E-03,    -3.024443E-03,    -2.803879E-03,    -2.630213E-03,    -2.485078E-03,    -2.360564E-03,    -2.251392E-03,    -2.152622E-03,
  4.500000E+00,    -2.000000E+00,    -7.984539E-02,    -4.871222E-03,    -3.731219E-03,    -3.350366E-03,    -3.115692E-03,    -2.929723E-03,    -2.772971E-03,    -2.637506E-03,    -2.518021E-03,    -2.409417E-03,
  5.000000E+00,    -2.000000E+00,    -1.536116E-01,    -5.321639E-03,    -4.065976E-03,    -3.663410E-03,    -3.418177E-03,    -3.222298E-03,    -3.055592E-03,    -2.910364E-03,    -2.781431E-03,    -2.663659E-03,
  5.500000E+00,    -2.000000E+00,    -2.905365E-01,    -5.758007E-03,    -4.383020E-03,    -3.963943E-03,    -3.711497E-03,    -3.507981E-03,    -3.332918E-03,    -3.179085E-03,    -3.041555E-03,    -2.915282E-03,
  6.000000E+00,    -2.000000E+00,    -5.216124E-01,    -6.202702E-03,    -4.683975E-03,    -4.252744E-03,    -3.996066E-03,    -3.786984E-03,    -3.605051E-03,    -3.443703E-03,    -3.298393E-03,    -3.164275E-03,
  6.500000E+00,    -2.000000E+00,    -8.538327E-01,    -6.698473E-03,    -4.971251E-03,    -4.530958E-03,    -4.272522E-03,    -4.059678E-03,    -3.872201E-03,    -3.704339E-03,    -3.552009E-03,    -3.410675E-03,
  7.000000E+00,    -2.000000E+00,    -1.225913E+00,    -7.326854E-03,    -5.247860E-03,    -4.800031E-03,    -4.541693E-03,    -4.326564E-03,    -4.134683E-03,    -3.961188E-03,    -3.802523E-03,    -3.654568E-03,
  7.500000E+00,    -2.000000E+00,    -1.532888E+00,    -8.247620E-03,    -5.517192E-03,    -5.061627E-03,    -4.804556E-03,    -4.588259E-03,    -4.392895E-03,    -4.214514E-03,    -4.050112E-03,    -3.896085E-03,
  8.000000E+00,    -2.000000E+00,    -1.729648E+00,    -9.781816E-03,    -5.782786E-03,    -5.317536E-03,    -5.062190E-03,    -4.845460E-03,    -4.647304E-03,    -4.464635E-03,    -4.294996E-03,    -4.135399E-03,
  8.500000E+00,    -2.000000E+00,    -1.840943E+00,    -1.258405E-02,    -6.048134E-03,    -5.569582E-03,    -5.315729E-03,    -5.098923E-03,    -4.898429E-03,    -4.711917E-03,    -4.537435E-03,    -4.372717E-03,
  9.000000E+00,    -2.000000E+00,    -1.902663E+00,    -1.799485E-02,    -6.316566E-03,    -5.819538E-03,    -5.566316E-03,    -5.349428E-03,    -5.146823E-03,    -4.956755E-03,    -4.777717E-03,    -4.608279E-03,
  9.500000E+00,    -2.000000E+00,    -1.937944E+00,    -2.874415E-02,    -6.591264E-03,    -6.069053E-03,    -5.815060E-03,    -5.597760E-03,    -5.393051E-03,    -5.199567E-03,    -5.016154E-03,    -4.842349E-03,
  1.000000E+01,    -2.000000E+00,    -1.959019E+00,    -5.029056E-02,    -6.875487E-03,    -6.319589E-03,    -6.062997E-03,    -5.844678E-03,    -5.637680E-03,    -5.440778E-03,    -5.253068E-03,    -5.075216E-03,
  1.050000E+01,    -2.000000E+00,    -1.972154E+00,    -9.312400E-02,    -7.173176E-03,    -6.572389E-03,    -6.311068E-03,    -6.090898E-03,    -5.881258E-03,    -5.680811E-03,    -5.488787E-03,    -5.307182E-03,
  1.100000E+01,    -2.000000E+00,    -1.980644E+00,    -1.758738E-01,    -7.490255E-03,    -6.828456E-03,    -6.560087E-03,    -6.337074E-03,    -6.124305E-03,    -5.920077E-03,    -5.723636E-03,    -5.538565E-03,
  1.150000E+01,    -2.000000E+00,    -1.986298E+00,    -3.268006E-01,    -7.837312E-03,    -7.088549E-03,    -6.810738E-03,    -6.583785E-03,    -6.367297E-03,    -6.158964E-03,    -5.957930E-03,    -5.769692E-03,
  1.200000E+01,    -2.000000E+00,    -1.990155E+00,    -5.754161E-01,    -8.235086E-03,    -7.353203E-03,    -7.063565E-03,    -6.831530E-03,    -6.610666E-03,    -6.397834E-03,    -6.191969E-03,    -6.000900E-03,
  1.250000E+01,    -2.000000E+00,    -1.992840E+00,    -9.200827E-01,    -8.725708E-03,    -7.622753E-03,    -7.318977E-03,    -7.080720E-03,    -6.854786E-03,    -6.637014E-03,    -6.426031E-03,    -6.232533E-03,
  1.300000E+01,    -2.000000E+00,    -1.994740E+00,    -1.287275E+00,    -9.395834E-03,    -7.897374E-03,    -7.577257E-03,    -7.331680E-03,    -7.099977E-03,    -6.876793E-03,    -6.660373E-03,    -6.464949E-03,
  1.350000E+01,    -2.000000E+00,    -1.996102E+00,    -1.575606E+00,    -1.042439E-02,    -8.177127E-03,    -7.838573E-03,    -7.584654E-03,    -7.346497E-03,    -7.117422E-03,    -6.895221E-03,    -6.698517E-03,
  1.400000E+01,    -2.000000E+00,    -1.997090E+00,    -1.754853E+00,    -1.218106E-02,    -8.462015E-03,    -8.102997E-03,    -7.839807E-03,    -7.594553E-03,    -7.359109E-03,    -7.130775E-03,    -6.933630E-03,
  1.450000E+01,    -2.000000E+00,    -1.997814E+00,    -1.855271E+00,    -1.542869E-02,    -8.752062E-03,    -8.370521E-03,    -8.097239E-03,    -7.844295E-03,    -7.602024E-03,    -7.367207E-03,    -7.170709E-03,
  1.500000E+01,    -2.000000E+00,    -1.998349E+00,    -1.911061E+00,    -2.173457E-02,    -9.047431E-03,    -8.641076E-03,    -8.356987E-03,    -8.095826E-03,    -7.846299E-03,    -7.604658E-03,    -7.410218E-03,
  1.550000E+01,    -2.000000E+00,    -1.998747E+00,    -1.943120E+00,    -3.428481E-02,    -9.348622E-03,    -8.914552E-03,    -8.619042E-03,    -8.349204E-03,    -8.092029E-03,    -7.843241E-03,    -7.652683E-03,
  1.600000E+01,    -2.000000E+00,    -1.999045E+00,    -1.962366E+00,    -5.940935E-02,    -9.656859E-03,    -9.190808E-03,    -8.883358E-03,    -8.604451E-03,    -8.339277E-03,    -8.083047E-03,    -7.898712E-03,
  1.650000E+01,    -2.000000E+00,    -1.999269E+00,    -1.974403E+00,    -1.091117E-01,    -9.974845E-03,    -9.469691E-03,    -9.149857E-03,    -8.861558E-03,    -8.588078E-03,    -8.324138E-03,    -8.149023E-03,
  1.700000E+01,    -2.000000E+00,    -1.999439E+00,    -1.982198E+00,    -2.041616E-01,    -1.030830E-02,    -9.751046E-03,    -9.418442E-03,    -9.120493E-03,    -8.838443E-03,    -8.566559E-03,    -8.404483E-03,
  1.750000E+01,    -2.000000E+00,    -1.999569E+00,    -1.987394E+00,    -3.743971E-01,    -1.066913E-02,    -1.003473E-02,    -9.689007E-03,    -9.381200E-03,    -9.090362E-03,    -8.810336E-03,    -8.666149E-03,
  1.800000E+01,    -2.000000E+00,    -1.999667E+00,    -1.990940E+00,    -6.462385E-01,    -1.108187E-02,    -1.032060E-02,    -9.961436E-03,    -9.643616E-03,    -9.343808E-03,    -9.055479E-03,    -8.935326E-03,
  1.850000E+01,    -2.000000E+00,    -1.999743E+00,    -1.993407E+00,    -1.004470E+00,    -1.159712E-02,    -1.060857E-02,    -1.023562E-02,    -9.907665E-03,    -9.598743E-03,    -9.301988E-03,    -9.213635E-03,
  1.900000E+01,    -2.000000E+00,    -1.999801E+00,    -1.995150E+00,    -1.361159E+00,    -1.231912E-02,    -1.089854E-02,    -1.051145E-02,    -1.017327E-02,    -9.855119E-03,    -9.549852E-03,    -9.503093E-03,
  1.950000E+01,    -2.000000E+00,    -1.999846E+00,    -1.996400E+00,    -1.624531E+00,    -1.346288E-02,    -1.119050E-02,    -1.078882E-02,    -1.044035E-02,    -1.011288E-02,    -9.799055E-03,    -9.806208E-03,
  2.000000E+01,    -2.000000E+00,    -1.999880E+00,    -1.997306E+00,    -1.782797E+00,    -1.547187E-02,    -1.148448E-02,    -1.106764E-02,    -1.070882E-02,    -1.037198E-02,    -1.004958E-02,    -1.012609E-02,
  2.050000E+01,    -2.000000E+00,    -1.999907E+00,    -1.997969E+00,    -1.870759E+00,    -1.925942E-02,    -1.178066E-02,    -1.134783E-02,    -1.097862E-02,    -1.063234E-02,    -1.030141E-02,    -1.046660E-02,
  2.100000E+01,    -2.000000E+00,    -1.999927E+00,    -1.998459E+00,    -1.919889E+00,    -2.669669E-02,    -1.207943E-02,    -1.162933E-02,    -1.124967E-02,    -1.089392E-02,    -1.055453E-02,    -1.083244E-02,
  2.150000E+01,    -2.000000E+00,    -1.999943E+00,    -1.998824E+00,    -1.948383E+00,    -4.156870E-02,    -1.238163E-02,    -1.191208E-02,    -1.152191E-02,    -1.115667E-02,    -1.080892E-02,    -1.122935E-02,
  2.200000E+01,    -2.000000E+00,    -1.999956E+00,    -1.999098E+00,    -1.965646E+00,    -7.132522E-02,    -1.268898E-02,    -1.219603E-02,    -1.179529E-02,    -1.142052E-02,    -1.106459E-02,    -1.166423E-02,
  2.250000E+01,    -2.000000E+00,    -1.999966E+00,    -1.999305E+00,    -1.976529E+00,    -1.298439E-01,    -1.300501E-02,    -1.248114E-02,    -1.206975E-02,    -1.168544E-02,    -1.132154E-02,    -1.214529E-02,
  2.300000E+01,    -2.000000E+00,    -1.999973E+00,    -1.999462E+00,    -1.983621E+00,    -2.403243E-01,    -1.333693E-02,    -1.276739E-02,    -1.234526E-02,    -1.195138E-02,    -1.157979E-02,    -1.268214E-02,
  2.350000E+01,    -2.000000E+00,    -1.999979E+00,    -1.999581E+00,    -1.988372E+00,    -4.336848E-01,    -1.369947E-02,    -1.305478E-02,    -1.262178E-02,    -1.221830E-02,    -1.183938E-02,    -1.328586E-02,
  2.400000E+01,    -2.000000E+00,    -1.999983E+00,    -1.999673E+00,    -1.991627E+00,    -7.305674E-01,    -1.412282E-02,    -1.334328E-02,    -1.289928E-02,    -1.248617E-02,    -1.210037E-02,    -1.396896E-02,
  2.450000E+01,    -2.000000E+00,    -1.999987E+00,    -1.999744E+00,    -1.993898E+00,    -1.098225E+00,    -1.466906E-02,    -1.363292E-02,    -1.317774E-02,    -1.275496E-02,    -1.236282E-02,    -1.474531E-02,
  2.500000E+01,    -2.000000E+00,    -1.999990E+00,    -1.999798E+00,    -1.995508E+00,    -1.437308E+00,    -1.546591E-02,    -1.392374E-02,    -1.345714E-02,    -1.302465E-02,    -1.262686E-02,    -1.562981E-02,
  2.550000E+01,    -2.000000E+00,    -1.999992E+00,    -1.999841E+00,    -1.996663E+00,    -1.672519E+00,    -1.677663E-02,    -1.421579E-02,    -1.373746E-02,    -1.329522E-02,    -1.289260E-02,    -1.663805E-02,
  2.600000E+01,    -2.000000E+00,    -1.999993E+00,    -1.999874E+00,    -1.997502E+00,    -1.809714E+00,    -1.914365E-02,    -1.450922E-02,    -1.401869E-02,    -1.356665E-02,    -1.316024E-02,    -1.778566E-02,
  2.650000E+01,    -2.000000E+00,    -1.999995E+00,    -1.999900E+00,    -1.998117E+00,    -1.885666E+00,    -2.368230E-02,    -1.480430E-02,    -1.430083E-02,    -1.383892E-02,    -1.342998E-02,    -1.908756E-02,
  2.700000E+01,    -2.000000E+00,    -1.999996E+00,    -1.999920E+00,    -1.998572E+00,    -1.928422E+00,    -3.267025E-02,    -1.510156E-02,    -1.458387E-02,    -1.411204E-02,    -1.370213E-02,    -2.055700E-02,
  2.750000E+01,    -2.000000E+00,    -1.999996E+00,    -1.999936E+00,    -1.998910E+00,    -1.953489E+00,    -5.068575E-02,    -1.540208E-02,    -1.486781E-02,    -1.438599E-02,    -1.397702E-02,    -2.220448E-02,
  2.800000E+01,    -2.000000E+00,    -1.999997E+00,    -1.999949E+00,    -1.999164E+00,    -1.968832E+00,    -8.662994E-02,    -1.570803E-02,    -1.515266E-02,    -1.466076E-02,    -1.425511E-02,    -2.403658E-02,
  2.850000E+01,    -2.000000E+00,    -1.999997E+00,    -1.999959E+00,    -1.999356E+00,    -1.978589E+00,    -1.566983E-01,    -1.602383E-02,    -1.543840E-02,    -1.493637E-02,    -1.453696E-02,    -2.605480E-02,
  2.900000E+01,    -2.000000E+00,    -1.999998E+00,    -1.999967E+00,    -1.999502E+00,    -1.984994E+00,    -2.867382E-01,    -1.635847E-02,    -1.572506E-02,    -1.521281E-02,    -1.482326E-02,    -2.825464E-02,
  2.950000E+01,    -2.000000E+00,    -1.999998E+00,    -1.999973E+00,    -1.999613E+00,    -1.989309E+00,    -5.076413E-01,    -1.673039E-02,    -1.601264E-02,    -1.549008E-02,    -1.511488E-02,    -3.062480E-02,
  3.000000E+01,    -2.000000E+00,    -1.999998E+00,    -1.999978E+00,    -1.999698E+00,    -1.992279E+00,    -8.302060E-01,    -1.717740E-02,    -1.630115E-02,    -1.576820E-02,    -1.541295E-02,    -3.314687E-02,
  3.050000E+01,    -2.000000E+00,    -1.999998E+00,    -1.999982E+00,    -1.999764E+00,    -1.994360E+00,    -1.200489E+00,    -1.777723E-02,    -1.659063E-02,    -1.604717E-02,    -1.571885E-02,    -3.579554E-02,
  3.100000E+01,    -2.000000E+00,    -1.999998E+00,    -1.999985E+00,    -1.999815E+00,    -1.995839E+00,    -1.514197E+00,    -1.868984E-02,    -1.688111E-02,    -1.632700E-02,    -1.603436E-02,    -3.853927E-02,
  3.150000E+01,    -2.000000E+00,    -1.999998E+00,    -1.999988E+00,    -1.999854E+00,    -1.996904E+00,    -1.718923E+00,    -2.024474E-02,    -1.717270E-02,    -1.660772E-02,    -1.636175E-02,    -4.134158E-02,
  3.200000E+01,    -2.000000E+00,    -1.999999E+00,    -1.999990E+00,    -1.999885E+00,    -1.997679E+00,    -1.835471E+00,    -2.312032E-02,    -1.746555E-02,    -1.688934E-02,    -1.670388E-02,    -4.416284E-02,
  3.250000E+01,    -2.000000E+00,    -1.999999E+00,    -1.999992E+00,    -1.999909E+00,    -1.998248E+00,    -1.900019E+00,    -2.870844E-02,    -1.776001E-02,    -1.717189E-02,    -1.706445E-02,    -4.696229E-02,
  3.300000E+01,    -2.000000E+00,    -1.999999E+00,    -1.999993E+00,    -1.999927E+00,    -1.998670E+00,    -1.936729E+00,    -3.983952E-02,    -1.805675E-02,    -1.745541E-02,    -1.744815E-02,    -4.970038E-02,
  3.350000E+01,    -2.000000E+00,    -1.999999E+00,    -1.999994E+00,    -1.999942E+00,    -1.998984E+00,    -1.958514E+00,    -6.215481E-02,    -1.835713E-02,    -1.773993E-02,    -1.786099E-02,    -5.234085E-02,
  3.400000E+01,    -2.000000E+00,    -1.999999E+00,    -1.999995E+00,    -1.999954E+00,    -1.999221E+00,    -1.971998E+00,    -1.064429E-01,    -1.866392E-02,    -1.802551E-02,    -1.831063E-02,    -5.485263E-02,
  3.450000E+01,    -2.000000E+00,    -1.999999E+00,    -1.999996E+00,    -1.999963E+00,    -1.999399E+00,    -1.980652E+00,    -1.917202E-01,    -1.898275E-02,    -1.831220E-02,    -1.880676E-02,    -5.721131E-02,
  3.500000E+01,    -2.000000E+00,    -1.999999E+00,    -1.999997E+00,    -1.999970E+00,    -1.999535E+00,    -1.986376E+00,    -3.464447E-01,    -1.932515E-02,    -1.860008E-02,    -1.936154E-02,    -5.939996E-02,
  3.550000E+01,    -2.000000E+00,    -1.999999E+00,    -1.999997E+00,    -1.999976E+00,    -1.999639E+00,    -1.990256E+00,    -5.992654E-01,    -1.971474E-02,    -1.888925E-02,    -1.999012E-02,    -6.140938E-02,
  3.600000E+01,    -2.000000E+00,    -1.999999E+00,    -1.999998E+00,    -1.999981E+00,    -1.999718E+00,    -1.992941E+00,    -9.454354E-01,    -2.019998E-02,    -1.917983E-02,    -2.071101E-02,    -6.323782E-02,
  3.650000E+01,    -2.000000E+00,    -1.999999E+00,    -1.999998E+00,    -1.999985E+00,    -1.999779E+00,    -1.994829E+00,    -1.308331E+00,    -2.088049E-02,    -1.947198E-02,    -2.154643E-02,    -6.489018E-02,
  3.700000E+01,    -2.000000E+00,    -1.999999E+00,    -1.999998E+00,    -1.999988E+00,    -1.999827E+00,    -1.996176E+00,    -1.589238E+00,    -2.196126E-02,    -1.976592E-02,    -2.252238E-02,    -6.637692E-02,
  3.750000E+01,    -2.000000E+00,    -1.999999E+00,    -1.999999E+00,    -1.999990E+00,    -1.999864E+00,    -1.997149E+00,    -1.762587E+00,    -2.386434E-02,    -2.006197E-02,    -2.366838E-02,    -6.771284E-02,
  3.800000E+01,    -2.000000E+00,    -1.999999E+00,    -1.999999E+00,    -1.999992E+00,    -1.999892E+00,    -1.997859E+00,    -1.859596E+00,    -2.745735E-02,    -2.036059E-02,    -2.501649E-02,    -6.891586E-02,
  3.850000E+01,    -2.000000E+00,    -1.999999E+00,    -1.999999E+00,    -1.999993E+00,    -1.999915E+00,    -1.998381E+00,    -1.913588E+00,    -3.451552E-02,    -2.066254E-02,    -2.659977E-02,    -7.000593E-02,
  3.900000E+01,    -2.000000E+00,    -1.999999E+00,    -1.999999E+00,    -1.999995E+00,    -1.999932E+00,    -1.998769E+00,    -1.944683E+00,    -4.862785E-02,    -2.096910E-02,    -2.844965E-02,    -7.100421E-02,
  3.950000E+01,    -2.000000E+00,    -1.999999E+00,    -1.999999E+00,    -1.999996E+00,    -1.999946E+00,    -1.999059E+00,    -1.963385E+00,    -7.686540E-02,    -2.128255E-02,    -3.059262E-02,    -7.193261E-02,
  4.000000E+01,    -2.000000E+00,    -1.999999E+00,    -1.999999E+00,    -1.999997E+00,    -1.999957E+00,    -1.999277E+00,    -1.975097E+00,    -1.324513E-01,    -2.160719E-02,    -3.304606E-02,    -7.281358E-02,
  4.050000E+01,    -2.000000E+00,    -1.999999E+00,    -1.999999E+00,    -1.999997E+00,    -1.999966E+00,    -1.999442E+00,    -1.982688E+00,    -2.377002E-01,    -2.195123E-02,    -3.581400E-02,    -7.367017E-02,
  4.100000E+01,    -2.000000E+00,    -1.999999E+00,    -2.000000E+00,    -1.999998E+00,    -1.999973E+00,    -1.999568E+00,    -1.987749E+00,    -4.230418E-01,    -2.233090E-02,    -3.888335E-02,    -7.452630E-02,
  4.150000E+01,    -2.000000E+00,    -1.999999E+00,    -2.000000E+00,    -1.999998E+00,    -1.999978E+00,    -1.999664E+00,    -1.991202E+00,    -7.108842E-01,    -2.277863E-02,    -4.222171E-02,    -7.540691E-02,
  4.200000E+01,    -2.000000E+00,    -2.000000E+00,    -2.000000E+00,    -1.999998E+00,    -1.999982E+00,    -1.999737E+00,    -1.993604E+00,    -1.074114E+00,    -2.335992E-02,    -4.577785E-02,    -7.633790E-02,
  4.250000E+01,    -2.000000E+00,    -2.000000E+00,    -2.000000E+00,    -1.999999E+00,    -1.999986E+00,    -1.999794E+00,    -1.995301E+00,    -1.417053E+00,    -2.420810E-02,    -4.948568E-02,    -7.734550E-02,
  4.300000E+01,    -2.000000E+00,    -2.000000E+00,    -2.000000E+00,    -1.999999E+00,    -1.999989E+00,    -1.999838E+00,    -1.996516E+00,    -1.659572E+00,    -2.559576E-02,    -5.327207E-02,    -7.845477E-02,
  4.350000E+01,    -2.000000E+00,    -2.000000E+00,    -2.000000E+00,    -1.999999E+00,    -1.999991E+00,    -1.999873E+00,    -1.997397E+00,    -1.802402E+00,    -2.808157E-02,    -5.706824E-02,    -7.968697E-02,
  4.400000E+01,    -2.000000E+00,    -2.000000E+00,    -2.000000E+00,    -1.999999E+00,    -1.999993E+00,    -1.999899E+00,    -1.998041E+00,    -1.881626E+00,    -3.280983E-02,    -6.082327E-02,    -8.105575E-02,
  4.450000E+01,    -2.000000E+00,    -2.000000E+00,    -2.000000E+00,    -1.999999E+00,    -1.999994E+00,    -1.999920E+00,    -1.998517E+00,    -1.926142E+00,    -4.211104E-02,    -6.451742E-02,    -8.256225E-02,
  4.500000E+01,    -2.000000E+00,    -2.000000E+00,    -2.000000E+00,    -2.000000E+00,    -1.999995E+00,    -1.999937E+00,    -1.998872E+00,    -1.952167E+00,    -6.066034E-02,    -6.817226E-02,    -8.418997E-02,
  4.550000E+01,    -2.000000E+00,    -2.000000E+00,    -2.000000E+00,    -2.000000E+00,    -1.999996E+00,    -1.999950E+00,    -1.999138E+00,    -1.968055E+00,    -9.753208E-02,    -7.185388E-02,    -8.590085E-02,
  4.600000E+01,    -2.000000E+00,    -2.000000E+00,    -2.000000E+00,    -2.000000E+00,    -1.999997E+00,    -1.999960E+00,    -1.999339E+00,    -1.978143E+00,    -1.692046E-01,    -7.566645E-02,    -8.763619E-02,
  4.650000E+01,    -2.000000E+00,    -2.000000E+00,    -2.000000E+00,    -2.000000E+00,    -1.999997E+00,    -1.999968E+00,    -1.999493E+00,    -1.984767E+00,    -3.018859E-01,    -7.973959E-02,    -8.933127E-02,
  4.700000E+01,    -2.000000E+00,    -2.000000E+00,    -2.000000E+00,    -2.000000E+00,    -1.999998E+00,    -1.999975E+00,    -1.999611E+00,    -1.989247E+00,    -5.266109E-01,    -8.423735E-02,    -9.097277E-02,
  4.750000E+01,    -2.000000E+00,    -2.000000E+00,    -2.000000E+00,    -2.000000E+00,    -1.999998E+00,    -1.999980E+00,    -1.999704E+00,    -1.992361E+00,    -8.533275E-01,    -8.951320E-02,    -9.281073E-02,
  4.800000E+01,    -2.000000E+00,    -2.000000E+00,    -2.000000E+00,    -2.000000E+00,    -1.999999E+00,    -1.999985E+00,    -1.999778E+00,    -1.994592E+00,    -1.226260E+00,    -9.692889E-02,    -9.620457E-02,
  4.850000E+01,    -2.000000E+00,    -2.000000E+00,    -2.000000E+00,    -2.000000E+00,    -1.999999E+00,    -1.999989E+00,    -1.999838E+00,    -1.996253E+00,    -1.542107E+00,    -1.126148E-01,    -1.073158E-01,
  4.900000E+01,    -2.000000E+00,    -2.000000E+00,    -2.000000E+00,    -2.000000E+00,    -1.999999E+00,    -1.999992E+00,    -1.999891E+00,    -1.997570E+00,    -1.754269E+00,    -1.643880E-01,    -1.538831E-01,
  4.950000E+01,    -2.000000E+00,    -2.000000E+00,    -2.000000E+00,    -2.000000E+00,    -2.000000E+00,    -1.999996E+00,    -1.999942E+00,    -1.998736E+00,    -1.892091E+00,    -3.701947E-01,    -3.531683E-01,
