alpha(x) =  0.500  beta(v) =  0.700  delta (t) = 0.050Free stream: density =  1.000  velocity = -2.000  temperature =  1.000  Execution time =    21.10 s
vxmax=   7.00  vxmin=  -7.00  vymax=   7.00  vymin=  -7.00  vzmax=   7.00  vzmin=  -7.00
x, t=      0.0, t=      5.0, t=     10.0, t=     15.0, t=     20.0, t=     25.0, t=     30.0, t=     35.0, t=     40.0, t=     45.0, t=     50.0,
  0.000000E+00,    -2.000000E+00,    -5.185638E-04,    -6.321944E-05,    -3.705624E-05,    -2.807799E-05,    -2.393170E-05,    -2.183489E-05,    -2.054298E-05,    -1.953904E-05,    -1.862364E-05,    -1.815268E-05,
  5.000000E-01,    -2.000000E+00,    -3.677807E-03,    -4.772263E-04,    -3.364230E-04,    -2.715048E-04,    -2.352707E-04,    -2.141133E-04,    -1.996761E-04,    -1.880740E-04,    -1.776763E-04,    -1.712587E-04,
  1.000000E+00,    -2.000000E+00,    -7.888286E-03,    -9.321986E-04,    -6.411244E-04,    -5.159886E-04,    -4.467115E-04,    -4.062678E-04,    -3.786601E-04,    -3.564894E-04,    -3.366507E-04,    -3.243871E-04,
  1.500000E+00,    -2.000000E+00,    -1.407465E-02,    -1.461801E-03,    -9.547735E-04,    -7.617861E-04,    -6.578264E-04,    -5.977450E-04,    -5.569608E-04,    -5.243059E-04,    -4.951279E-04,    -4.772398E-04,
  2.000000E+00,    -2.000000E+00,    -2.326083E-02,    -2.097941E-03,    -1.280489E-03,    -1.009129E-03,    -8.682611E-04,    -7.880838E-04,    -7.341369E-04,    -6.911329E-04,    -6.527722E-04,    -6.295985E-04,
  2.500000E+00,    -2.000000E+00,    -3.669388E-02,    -2.871272E-03,    -1.620630E-03,    -1.258103E-03,    -1.077660E-03,    -9.768569E-04,    -9.097882E-04,    -8.566205E-04,    -8.092860E-04,    -7.812832E-04,
  3.000000E+00,    -2.000000E+00,    -5.601185E-02,    -3.813092E-03,    -1.976668E-03,    -1.508588E-03,    -1.285635E-03,    -1.163648E-03,    -1.083537E-03,    -1.020442E-03,    -9.643941E-04,    -9.321390E-04,
  3.500000E+00,    -2.000000E+00,    -8.344607E-02,    -4.958902E-03,    -2.349200E-03,    -1.760226E-03,    -1.491751E-03,    -1.348046E-03,    -1.255020E-03,    -1.182289E-03,    -1.117838E-03,    -1.082033E-03,
  4.000000E+00,    -2.000000E+00,    -1.220341E-01,    -6.353904E-03,    -2.738076E-03,    -2.012428E-03,    -1.695526E-03,    -1.529641E-03,    -1.423893E-03,    -1.341871E-03,    -1.269377E-03,    -1.230854E-03,
  4.500000E+00,    -2.000000E+00,    -1.757881E-01,    -8.060724E-03,    -3.142663E-03,    -2.264386E-03,    -1.896431E-03,    -1.708027E-03,    -1.589826E-03,    -1.498914E-03,    -1.418784E-03,    -1.378516E-03,
  5.000000E+00,    -2.000000E+00,    -2.496963E-01,    -1.016988E-02,    -3.562227E-03,    -2.515121E-03,    -2.093906E-03,    -1.882808E-03,    -1.752507E-03,    -1.653165E-03,    -1.565852E-03,    -1.524960E-03,
  5.500000E+00,    -2.000000E+00,    -3.493230E-01,    -1.281376E-02,    -3.996435E-03,    -2.763540E-03,    -2.287370E-03,    -2.053601E-03,    -1.911649E-03,    -1.804392E-03,    -1.710394E-03,    -1.670160E-03,
  6.000000E+00,    -2.000000E+00,    -4.796369E-01,    -1.618533E-02,    -4.445977E-03,    -3.008502E-03,    -2.476241E-03,    -2.220047E-03,    -2.066988E-03,    -1.952386E-03,    -1.852240E-03,    -1.814122E-03,
  6.500000E+00,    -2.000000E+00,    -6.427023E-01,    -2.056343E-02,    -4.913314E-03,    -3.248904E-03,    -2.659957E-03,    -2.381813E-03,    -2.218291E-03,    -2.096965E-03,    -1.991247E-03,    -1.956894E-03,
  7.000000E+00,    -2.000000E+00,    -8.344479E-01,    -2.634732E-02,    -5.403583E-03,    -3.483766E-03,    -2.838001E-03,    -2.538605E-03,    -2.365356E-03,    -2.237973E-03,    -2.127292E-03,    -2.098567E-03,
  7.500000E+00,    -2.000000E+00,    -1.042281E+00,    -3.410413E-02,    -5.925709E-03,    -3.712318E-03,    -3.009916E-03,    -2.690174E-03,    -2.508019E-03,    -2.375284E-03,    -2.260277E-03,    -2.239282E-03,
  8.000000E+00,    -2.000000E+00,    -1.246772E+00,    -4.463402E-02,    -6.493801E-03,    -3.934089E-03,    -3.175333E-03,    -2.836322E-03,    -2.646153E-03,    -2.508804E-03,    -2.390132E-03,    -2.379232E-03,
  8.500000E+00,    -2.000000E+00,    -1.428613E+00,    -5.905868E-02,    -7.128962E-03,    -4.149001E-03,    -3.333986E-03,    -2.976912E-03,    -2.779674E-03,    -2.638468E-03,    -2.516811E-03,    -2.518675E-03,
  9.000000E+00,    -2.000000E+00,    -1.576325E+00,    -7.893833E-02,    -7.861700E-03,    -4.357455E-03,    -3.485730E-03,    -3.111869E-03,    -2.908540E-03,    -2.764245E-03,    -2.640294E-03,    -2.657932E-03,
  9.500000E+00,    -2.000000E+00,    -1.688493E+00,    -1.064187E-01,    -8.735206E-03,    -4.560430E-03,    -3.630553E-03,    -3.241189E-03,    -3.032757E-03,    -2.886137E-03,    -2.760591E-03,    -2.797405E-03,
  1.000000E+01,    -2.000000E+00,    -1.770324E+00,    -1.443969E-01,    -9.809882E-03,    -4.759594E-03,    -3.768587E-03,    -3.364938E-03,    -3.152374E-03,    -3.004179E-03,    -2.877736E-03,    -2.937575E-03,
  1.050000E+01,    -2.000000E+00,    -1.829050E+00,    -1.966655E-01,    -1.116966E-02,    -4.957434E-03,    -3.900109E-03,    -3.483255E-03,    -3.267486E-03,    -3.118439E-03,    -2.991792E-03,    -3.079020E-03,
  1.100000E+01,    -2.000000E+00,    -1.871195E+00,    -2.679323E-01,    -1.293090E-02,    -5.157427E-03,    -4.025546E-03,    -3.596349E-03,    -3.378234E-03,    -3.229016E-03,    -3.102847E-03,    -3.222422E-03,
  1.150000E+01,    -2.000000E+00,    -1.901725E+00,    -3.635054E-01,    -1.525486E-02,    -5.364274E-03,    -4.145474E-03,    -3.704497E-03,    -3.484799E-03,    -3.336038E-03,    -3.211015E-03,    -3.368580E-03,
  1.200000E+01,    -2.000000E+00,    -1.924144E+00,    -4.882958E-01,    -1.836539E-02,    -5.584219E-03,    -4.260616E-03,    -3.808040E-03,    -3.587405E-03,    -3.439662E-03,    -3.316434E-03,    -3.518425E-03,
  1.250000E+01,    -2.000000E+00,    -1.940850E+00,    -6.447574E-01,    -2.257385E-02,    -5.825497E-03,    -4.371840E-03,    -3.907378E-03,    -3.686309E-03,    -3.540072E-03,    -3.419265E-03,    -3.673031E-03,
  1.300000E+01,    -2.000000E+00,    -1.953475E+00,    -8.298395E-01,    -2.831419E-02,    -6.098974E-03,    -4.480159E-03,    -4.002961E-03,    -3.781804E-03,    -3.637475E-03,    -3.519693E-03,    -3.833641E-03,
  1.350000E+01,    -2.000000E+00,    -1.963141E+00,    -1.032421E+00,    -3.619222E-02,    -6.419039E-03,    -4.586735E-03,    -4.095282E-03,    -3.874209E-03,    -3.732097E-03,    -3.617921E-03,    -4.001674E-03,
  1.400000E+01,    -2.000000E+00,    -1.970626E+00,    -1.234261E+00,    -4.705388E-02,    -6.804859E-03,    -4.692895E-03,    -4.184870E-03,    -3.963866E-03,    -3.824185E-03,    -3.714173E-03,    -4.178757E-03,
  1.450000E+01,    -2.000000E+00,    -1.976481E+00,    -1.416167E+00,    -6.207862E-02,    -7.282150E-03,    -4.800147E-03,    -4.272279E-03,    -4.051133E-03,    -3.913995E-03,    -3.808689E-03,    -4.366738E-03,
  1.500000E+01,    -2.000000E+00,    -1.981099E+00,    -1.565715E+00,    -8.290269E-02,    -7.885648E-03,    -4.910230E-03,    -4.358082E-03,    -4.136382E-03,    -4.001797E-03,    -3.901726E-03,    -4.567715E-03,
  1.550000E+01,    -2.000000E+00,    -1.984767E+00,    -1.680291E+00,    -1.117732E-01,    -8.662587E-03,    -5.025169E-03,    -4.442864E-03,    -4.219991E-03,    -4.087868E-03,    -3.993555E-03,    -4.784057E-03,
  1.600000E+01,    -2.000000E+00,    -1.987699E+00,    -1.764308E+00,    -1.517187E-01,    -9.677563E-03,    -5.147374E-03,    -4.527216E-03,    -4.302338E-03,    -4.172486E-03,    -4.084461E-03,    -5.018432E-03,
  1.650000E+01,    -2.000000E+00,    -1.990054E+00,    -1.824707E+00,    -2.066895E-01,    -1.101937E-02,    -5.279771E-03,    -4.611727E-03,    -4.383797E-03,    -4.255933E-03,    -4.174740E-03,    -5.273828E-03,
  1.700000E+01,    -2.000000E+00,    -1.991953E+00,    -1.868015E+00,    -2.815485E-01,    -1.281061E-02,    -5.426003E-03,    -4.696988E-03,    -4.464735E-03,    -4.338483E-03,    -4.264701E-03,    -5.553578E-03,
  1.750000E+01,    -2.000000E+00,    -1.993488E+00,    -1.899305E+00,    -3.816795E-01,    -1.522122E-02,    -5.590694E-03,    -4.783590E-03,    -4.545504E-03,    -4.420409E-03,    -4.354664E-03,    -5.861380E-03,
  1.800000E+01,    -2.000000E+00,    -1.994733E+00,    -1.922201E+00,    -5.118363E-01,    -1.848748E-02,    -5.779836E-03,    -4.872131E-03,    -4.626441E-03,    -4.501971E-03,    -4.444959E-03,    -6.201317E-03,
  1.850000E+01,    -2.000000E+00,    -1.995744E+00,    -1.939195E+00,    -6.738633E-01,    -2.293890E-02,    -6.001308E-03,    -4.963223E-03,    -4.707863E-03,    -4.583420E-03,    -4.535929E-03,    -6.577863E-03,
  1.900000E+01,    -2.000000E+00,    -1.996566E+00,    -1.951991E+00,    -8.635167E-01,    -2.903589E-02,    -6.265610E-03,    -5.057509E-03,    -4.790065E-03,    -4.664992E-03,    -4.627931E-03,    -6.995888E-03,
  1.950000E+01,    -2.000000E+00,    -1.997235E+00,    -1.961755E+00,    -1.068183E+00,    -3.742255E-02,    -6.586864E-03,    -5.155689E-03,    -4.873323E-03,    -4.746912E-03,    -4.721337E-03,    -7.460656E-03,
  2.000000E+01,    -2.000000E+00,    -1.997778E+00,    -1.969294E+00,    -1.268699E+00,    -4.899974E-02,    -6.984219E-03,    -5.258553E-03,    -4.957885E-03,    -4.829383E-03,    -4.816535E-03,    -7.977800E-03,
  2.050000E+01,    -2.000000E+00,    -1.998219E+00,    -1.975178E+00,    -1.446312E+00,    -6.502433E-02,    -7.483777E-03,    -5.367024E-03,    -5.043982E-03,    -4.912597E-03,    -4.913939E-03,    -8.553291E-03,
  2.100000E+01,    -2.000000E+00,    -1.998577E+00,    -1.979813E+00,    -1.590135E+00,    -8.723948E-02,    -8.121295E-03,    -5.482228E-03,    -5.131822E-03,    -4.996724E-03,    -5.013987E-03,    -9.193390E-03,
  2.150000E+01,    -2.000000E+00,    -1.998866E+00,    -1.983496E+00,    -1.699096E+00,    -1.180346E-01,    -8.945930E-03,    -5.605580E-03,    -5.221595E-03,    -5.081920E-03,    -5.117153E-03,    -9.904571E-03,
  2.200000E+01,    -2.000000E+00,    -1.999099E+00,    -1.986442E+00,    -1.778442E+00,    -1.606167E-01,    -1.002548E-02,    -5.738901E-03,    -5.313481E-03,    -5.168323E-03,    -5.223949E-03,    -1.069343E-02,
  2.250000E+01,    -2.000000E+00,    -1.999287E+00,    -1.988816E+00,    -1.835281E+00,    -2.191345E-01,    -1.145375E-02,    -5.884588E-03,    -5.407650E-03,    -5.256053E-03,    -5.334940E-03,    -1.156659E-02,
  2.300000E+01,    -2.000000E+00,    -1.999438E+00,    -1.990739E+00,    -1.875981E+00,    -2.986190E-01,    -1.336081E-02,    -6.045827E-03,    -5.504274E-03,    -5.345219E-03,    -5.450752E-03,    -1.253051E-02,
  2.350000E+01,    -2.000000E+00,    -1.999559E+00,    -1.992305E+00,    -1.905383E+00,    -4.044741E-01,    -1.592755E-02,    -6.226905E-03,    -5.603536E-03,    -5.435913E-03,    -5.572084E-03,    -1.359139E-02,
  2.400000E+01,    -2.000000E+00,    -1.999655E+00,    -1.993586E+00,    -1.926903E+00,    -5.411196E-01,    -1.940605E-02,    -6.433618E-03,    -5.705642E-03,    -5.528219E-03,    -5.699729E-03,    -1.475493E-02,
  2.450000E+01,    -2.000000E+00,    -1.999732E+00,    -1.994638E+00,    -1.942883E+00,    -7.094674E-01,    -2.414837E-02,    -6.673843E-03,    -5.810840E-03,    -5.622210E-03,    -5.834586E-03,    -1.602618E-02,
  2.500000E+01,    -2.000000E+00,    -1.999792E+00,    -1.995507E+00,    -1.954918E+00,    -9.036940E-01,    -3.064692E-02,    -6.958322E-03,    -5.919439E-03,    -5.717953E-03,    -5.977687E-03,    -1.740926E-02,
  2.550000E+01,    -2.000000E+00,    -1.999840E+00,    -1.996225E+00,    -1.964101E+00,    -1.109502E+00,    -3.959090E-02,    -7.301740E-03,    -6.031845E-03,    -5.815511E-03,    -6.130219E-03,    -1.890723E-02,
  2.600000E+01,    -2.000000E+00,    -1.999877E+00,    -1.996822E+00,    -1.971190E+00,    -1.307057E+00,    -5.194419E-02,    -7.724215E-03,    -6.148591E-03,    -5.914949E-03,    -6.293557E-03,    -2.052177E-02,
  2.650000E+01,    -2.000000E+00,    -1.999906E+00,    -1.997318E+00,    -1.976720E+00,    -1.478637E+00,    -6.905069E-02,    -8.253377E-03,    -6.270397E-03,    -6.016335E-03,    -6.469290E-03,    -2.225308E-02,
  2.700000E+01,    -2.000000E+00,    -1.999928E+00,    -1.997733E+00,    -1.981075E+00,    -1.615376E+00,    -9.277104E-02,    -8.927238E-03,    -6.398236E-03,    -6.119745E-03,    -6.659269E-03,    -2.409962E-02,
  2.750000E+01,    -2.000000E+00,    -1.999946E+00,    -1.998081E+00,    -1.984532E+00,    -1.717873E+00,    -1.256474E-01,    -9.798215E-03,    -6.533428E-03,    -6.225271E-03,    -6.865643E-03,    -2.605799E-02,
  2.800000E+01,    -2.000000E+00,    -1.999959E+00,    -1.998372E+00,    -1.987297E+00,    -1.792099E+00,    -1.710721E-01,    -1.093873E-02,    -6.677768E-03,    -6.333027E-03,    -7.090909E-03,    -2.812288E-02,
  2.850000E+01,    -2.000000E+00,    -1.999969E+00,    -1.998617E+00,    -1.989522E+00,    -1.845180E+00,    -2.333891E-01,    -1.244911E-02,    -6.833699E-03,    -6.443154E-03,    -7.337971E-03,    -3.028697E-02,
  2.900000E+01,    -2.000000E+00,    -1.999977E+00,    -1.998824E+00,    -1.991323E+00,    -1.883215E+00,    -3.177703E-01,    -1.446857E-02,    -7.004545E-03,    -6.555832E-03,    -7.610188E-03,    -3.254099E-02,
  2.950000E+01,    -2.000000E+00,    -1.999983E+00,    -1.998998E+00,    -1.992788E+00,    -1.910742E+00,    -4.295692E-01,    -1.719083E-02,    -7.194837E-03,    -6.671297E-03,    -7.911450E-03,    -3.487386E-02,
  3.000000E+01,    -2.000000E+00,    -1.999987E+00,    -1.999145E+00,    -1.993986E+00,    -1.930937E+00,    -5.727416E-01,    -2.088599E-02,    -7.410753E-03,    -6.789847E-03,    -8.246232E-03,    -3.727283E-02,
  3.050000E+01,    -2.000000E+00,    -1.999990E+00,    -1.999270E+00,    -1.994970E+00,    -1.945967E+00,    -7.470953E-01,    -2.593135E-02,    -7.660723E-03,    -6.911872E-03,    -8.619669E-03,    -3.972376E-02,
  3.100000E+01,    -2.000000E+00,    -1.999993E+00,    -1.999376E+00,    -1.995781E+00,    -1.957310E+00,    -9.451196E-01,    -3.285470E-02,    -7.956268E-03,    -7.037876E-03,    -9.037619E-03,    -4.221147E-02,
  3.150000E+01,    -2.000000E+00,    -1.999995E+00,    -1.999466E+00,    -1.996452E+00,    -1.965981E+00,    -1.150959E+00,    -4.239468E-02,    -8.313152E-03,    -7.168514E-03,    -9.506726E-03,    -4.472012E-02,
  3.200000E+01,    -2.000000E+00,    -1.999996E+00,    -1.999543E+00,    -1.997009E+00,    -1.972685E+00,    -1.344497E+00,    -5.558381E-02,    -8.752983E-03,    -7.304635E-03,    -1.003447E-02,    -4.723365E-02,
  3.250000E+01,    -2.000000E+00,    -1.999997E+00,    -1.999608E+00,    -1.997472E+00,    -1.977922E+00,    -1.509412E+00,    -7.386008E-02,    -9.305432E-03,    -7.447348E-03,    -1.062921E-02,    -4.973627E-02,
  3.300000E+01,    -2.000000E+00,    -1.999998E+00,    -1.999664E+00,    -1.997860E+00,    -1.982049E+00,    -1.638922E+00,    -9.921008E-02,    -1.001132E-02,    -7.598101E-03,    -1.130019E-02,    -5.221293E-02,
  3.350000E+01,    -2.000000E+00,    -1.999998E+00,    -1.999711E+00,    -1.998184E+00,    -1.985328E+00,    -1.735115E+00,    -1.343376E-01,    -1.092694E-02,    -7.758792E-03,    -1.205755E-02,    -5.464981E-02,
  3.400000E+01,    -2.000000E+00,    -1.999998E+00,    -1.999752E+00,    -1.998456E+00,    -1.987951E+00,    -1.804485E+00,    -1.828263E-01,    -1.213005E-02,    -7.931919E-03,    -1.291224E-02,    -5.703478E-02,
  3.450000E+01,    -2.000000E+00,    -1.999999E+00,    -1.999787E+00,    -1.998685E+00,    -1.990063E+00,    -1.854061E+00,    -2.492119E-01,    -1.372839E-02,    -8.120776E-03,    -1.387600E-02,    -5.935775E-02,
  3.500000E+01,    -2.000000E+00,    -1.999999E+00,    -1.999817E+00,    -1.998878E+00,    -1.991773E+00,    -1.889636E+00,    -3.387800E-01,    -1.587149E-02,    -8.329732E-03,    -1.496115E-02,    -6.161111E-02,
  3.550000E+01,    -2.000000E+00,    -1.999999E+00,    -1.999842E+00,    -1.999041E+00,    -1.993164E+00,    -1.915447E+00,    -4.567633E-01,    -1.876746E-02,    -8.564592E-03,    -1.618044E-02,    -6.378990E-02,
  3.600000E+01,    -2.000000E+00,    -1.999999E+00,    -1.999864E+00,    -1.999179E+00,    -1.994302E+00,    -1.934436E+00,    -6.065238E-01,    -2.270650E-02,    -8.833108E-03,    -1.754682E-02,    -6.589209E-02,
  3.650000E+01,    -2.000000E+00,    -1.999999E+00,    -1.999883E+00,    -1.999297E+00,    -1.995236E+00,    -1.948608E+00,    -7.866033E-01,    -2.809408E-02,    -9.145667E-03,    -1.907313E-02,    -6.791864E-02,
  3.700000E+01,    -2.000000E+00,    -1.999999E+00,    -1.999899E+00,    -1.999396E+00,    -1.996005E+00,    -1.959331E+00,    -9.877242E-01,    -3.549744E-02,    -9.516236E-03,    -2.077178E-02,    -6.987352E-02,
  3.750000E+01,    -2.000000E+00,    -1.999999E+00,    -1.999913E+00,    -1.999481E+00,    -1.996642E+00,    -1.967546E+00,    -1.192633E+00,    -4.571030E-02,    -9.963666E-03,    -2.265443E-02,    -7.176365E-02,
  3.800000E+01,    -2.000000E+00,    -1.999999E+00,    -1.999925E+00,    -1.999553E+00,    -1.997170E+00,    -1.973912E+00,    -1.381307E+00,    -5.984158E-02,    -1.051349E-02,    -2.473165E-02,    -7.359872E-02,
  3.850000E+01,    -2.000000E+00,    -1.999999E+00,    -1.999935E+00,    -1.999615E+00,    -1.997610E+00,    -1.978892E+00,    -1.539115E+00,    -7.943368E-02,    -1.120041E-02,    -2.701267E-02,    -7.539089E-02,
  3.900000E+01,    -2.000000E+00,    -1.999999E+00,    -1.999944E+00,    -1.999668E+00,    -1.997977E+00,    -1.982824E+00,    -1.661354E+00,    -1.066124E-01,    -1.207177E-02,    -2.950521E-02,    -7.715448E-02,
  3.950000E+01,    -2.000000E+00,    -1.999999E+00,    -1.999952E+00,    -1.999713E+00,    -1.998284E+00,    -1.985952E+00,    -1.751415E+00,    -1.442583E-01,    -1.319236E-02,    -3.221543E-02,    -7.890542E-02,
  4.000000E+01,    -2.000000E+00,    -2.000000E+00,    -1.999958E+00,    -1.999752E+00,    -1.998542E+00,    -1.988457E+00,    -1.816151E+00,    -1.961605E-01,    -1.465115E-02,    -3.514820E-02,    -8.066069E-02,
  4.050000E+01,    -2.000000E+00,    -2.000000E+00,    -1.999964E+00,    -1.999785E+00,    -1.998759E+00,    -1.990477E+00,    -1.862417E+00,    -2.670510E-01,    -1.657076E-02,    -3.830751E-02,    -8.243755E-02,
  4.100000E+01,    -2.000000E+00,    -2.000000E+00,    -1.999969E+00,    -1.999814E+00,    -1.998942E+00,    -1.992114E+00,    -1.895680E+00,    -3.623068E-01,    -1.912073E-02,    -4.169727E-02,    -8.425271E-02,
  4.150000E+01,    -2.000000E+00,    -2.000000E+00,    -1.999973E+00,    -1.999838E+00,    -1.999097E+00,    -1.993447E+00,    -1.919883E+00,    -4.869646E-01,    -2.253621E-02,    -4.532239E-02,    -8.612132E-02,
  4.200000E+01,    -2.000000E+00,    -2.000000E+00,    -1.999977E+00,    -1.999860E+00,    -1.999227E+00,    -1.994539E+00,    -1.937745E+00,    -6.436439E-01,    -2.714441E-02,    -4.919025E-02,    -8.805594E-02,
  4.250000E+01,    -2.000000E+00,    -2.000000E+00,    -1.999980E+00,    -1.999878E+00,    -1.999339E+00,    -1.995436E+00,    -1.951120E+00,    -8.294252E-01,    -3.340180E-02,    -5.331240E-02,    -9.006546E-02,
  4.300000E+01,    -2.000000E+00,    -2.000000E+00,    -1.999983E+00,    -1.999894E+00,    -1.999433E+00,    -1.996177E+00,    -1.961272E+00,    -1.033159E+00,    -4.194649E-02,    -5.770664E-02,    -9.215411E-02,
  4.350000E+01,    -2.000000E+00,    -2.000000E+00,    -1.999985E+00,    -1.999908E+00,    -1.999514E+00,    -1.996791E+00,    -1.969076E+00,    -1.236347E+00,    -5.367130E-02,    -6.239942E-02,    -9.432102E-02,
  4.400000E+01,    -2.000000E+00,    -2.000000E+00,    -1.999987E+00,    -1.999920E+00,    -1.999583E+00,    -1.997302E+00,    -1.975144E+00,    -1.419434E+00,    -6.982430E-02,    -6.742866E-02,    -9.656053E-02,
  4.450000E+01,    -2.000000E+00,    -2.000000E+00,    -1.999989E+00,    -1.999930E+00,    -1.999643E+00,    -1.997730E+00,    -1.979911E+00,    -1.569769E+00,    -9.214326E-02,    -7.284772E-02,    -9.886439E-02,
  4.500000E+01,    -2.000000E+00,    -2.000000E+00,    -1.999990E+00,    -1.999939E+00,    -1.999694E+00,    -1.998088E+00,    -1.983692E+00,    -1.684749E+00,    -1.230263E-01,    -7.873170E-02,    -1.012274E-01,
  4.550000E+01,    -2.000000E+00,    -2.000000E+00,    -1.999992E+00,    -1.999947E+00,    -1.999738E+00,    -1.998391E+00,    -1.986720E+00,    -1.768942E+00,    -1.657279E-01,    -8.518936E-02,    -1.036600E-01,
  4.600000E+01,    -2.000000E+00,    -2.000000E+00,    -1.999993E+00,    -1.999955E+00,    -1.999776E+00,    -1.998647E+00,    -1.989167E+00,    -1.829454E+00,    -2.245337E-01,    -9.238760E-02,    -1.062139E-01,
  4.650000E+01,    -2.000000E+00,    -2.000000E+00,    -1.999994E+00,    -1.999961E+00,    -1.999810E+00,    -1.998867E+00,    -1.991166E+00,    -1.872935E+00,    -3.048016E-01,    -1.006045E-01,    -1.090371E-01,
  4.700000E+01,    -2.000000E+00,    -2.000000E+00,    -1.999995E+00,    -1.999967E+00,    -1.999840E+00,    -1.999056E+00,    -1.992817E+00,    -1.904551E+00,    -4.126354E-01,    -1.103481E-01,    -1.124910E-01,
  4.750000E+01,    -2.000000E+00,    -2.000000E+00,    -1.999995E+00,    -1.999972E+00,    -1.999866E+00,    -1.999222E+00,    -1.994201E+00,    -1.928004E+00,    -5.538405E-01,    -1.226300E-01,    -1.174171E-01,
  4.800000E+01,    -2.000000E+00,    -2.000000E+00,    -1.999996E+00,    -1.999977E+00,    -1.999891E+00,    -1.999369E+00,    -1.995387E+00,    -1.945885E+00,    -7.319094E-01,    -1.396261E-01,    -1.257759E-01,
  4.850000E+01,    -2.000000E+00,    -2.000000E+00,    -1.999997E+00,    -1.999982E+00,    -1.999914E+00,    -1.999505E+00,    -1.996432E+00,    -1.960044E+00,    -9.456919E-01,    -1.663432E-01,    -1.422603E-01,
  4.900000E+01,    -2.000000E+00,    -2.000000E+00,    -1.999997E+00,    -1.999986E+00,    -1.999936E+00,    -1.999634E+00,    -1.997396E+00,    -1.971892E+00,    -1.189742E+00,    -2.150165E-01,    -1.784749E-01,
  4.950000E+01,    -2.000000E+00,    -2.000000E+00,    -1.999998E+00,    -1.999991E+00,    -1.999958E+00,    -1.999765E+00,    -1.998345E+00,    -1.982675E+00,    -1.463071E+00,    -3.175743E-01,    -2.638432E-01,
