alpha(x) =  0.500  beta(v) =  0.700  delta (t) = 0.050Free stream: density =  1.000  velocity = -1.000  temperature =  1.000  Execution time =    21.09 s
vxmax=   7.00  vxmin=  -7.00  vymax=   7.00  vymin=  -7.00  vzmax=   7.00  vzmin=  -7.00
x, t=      0.0, t=      5.0, t=     10.0, t=     15.0, t=     20.0, t=     25.0, t=     30.0, t=     35.0, t=     40.0, t=     45.0, t=     50.0,
  0.000000E+00,     7.074376E-09,    -1.446319E-03,    -4.941622E-04,    -2.188364E-04,    -1.120319E-04,    -6.217205E-05,    -3.589201E-05,    -2.085852E-05,    -1.174908E-05,    -5.992199E-06,    -2.249121E-06,
  5.000000E-01,     7.074376E-09,    -1.034597E-02,    -4.337891E-03,    -1.927785E-03,    -9.695976E-04,    -5.306783E-04,    -3.037075E-04,    -1.754643E-04,    -9.826934E-05,    -4.963337E-05,    -1.801279E-05,
  1.000000E+00,     7.074376E-09,    -1.441811E-02,    -7.790965E-03,    -3.540677E-03,    -1.790285E-03,    -9.816603E-04,    -5.621119E-04,    -3.245934E-04,    -1.814158E-04,    -9.110646E-05,    -3.234026E-05,
  1.500000E+00,     7.074376E-09,    -1.101572E-02,    -1.053414E-02,    -4.974060E-03,    -2.541176E-03,    -1.399256E-03,    -8.025216E-04,    -4.632347E-04,    -2.581040E-04,    -1.284406E-04,    -4.394016E-05,
  2.000000E+00,     7.074376E-09,     1.606186E-03,    -1.231137E-02,    -6.156758E-03,    -3.193138E-03,    -1.769106E-03,    -1.017054E-03,    -5.867401E-04,    -3.254519E-04,    -1.597832E-04,    -5.159232E-05,
  2.500000E+00,     7.074376E-09,     2.449519E-02,    -1.293996E-02,    -7.033560E-03,    -3.722067E-03,    -2.078852E-03,    -1.198756E-03,    -6.909416E-04,    -3.808451E-04,    -1.834393E-04,    -5.417349E-05,
  3.000000E+00,     7.074376E-09,     5.819686E-02,    -1.230752E-02,    -7.567409E-03,    -4.109841E-03,    -2.318553E-03,    -1.341804E-03,    -7.722593E-04,    -4.219991E-04,    -1.979097E-04,    -5.068183E-05,
  3.500000E+00,     7.074376E-09,     1.027812E-01,    -1.035726E-02,    -7.739904E-03,    -4.344904E-03,    -2.480998E-03,    -1.441673E-03,    -8.277939E-04,    -4.470133E-04,    -2.019245E-04,    -4.025884E-05,
  4.000000E+00,     7.074376E-09,     1.575890E-01,    -7.064241E-03,    -7.550103E-03,    -4.422445E-03,    -2.561884E-03,    -1.495251E-03,    -8.553962E-04,    -4.544153E-04,    -1.944713E-04,    -2.220794E-05,
  4.500000E+00,     7.074376E-09,     2.206633E-01,    -2.406494E-03,    -7.011845E-03,    -4.344161E-03,    -2.559862E-03,    -1.500893E-03,    -8.537120E-04,    -4.431910E-04,    -1.748163E-04,     3.990995E-06,
  5.000000E+00,     7.074376E-09,     2.879871E-01,     3.665834E-03,    -6.149896E-03,    -4.117670E-03,    -2.476437E-03,    -1.458426E-03,    -8.221994E-04,    -4.128019E-04,    -1.425173E-04,     3.867150E-05,
  5.500000E+00,     7.074376E-09,     3.529254E-01,     1.126014E-02,    -4.995277E-03,    -3.755599E-03,    -2.315756E-03,    -1.369095E-03,    -7.611196E-04,    -3.631882E-04,    -9.742977E-05,     8.197499E-05,
  6.000000E+00,     7.074376E-09,     4.065717E-01,     2.056721E-02,    -3.580149E-03,    -3.274453E-03,    -2.084284E-03,    -1.235459E-03,    -6.715019E-04,    -2.947576E-04,    -3.970440E-05,     1.338500E-04,
  6.500000E+00,     7.074376E-09,     4.396538E-01,     3.188047E-02,    -1.932538E-03,    -2.693336E-03,    -1.790396E-03,    -1.061241E-03,    -5.550855E-04,    -2.083612E-04,     3.022292E-05,     1.940557E-04,
  7.000000E+00,     7.074376E-09,     4.457925E-01,     4.560504E-02,    -7.114832E-05,    -2.032611E-03,    -1.443919E-03,    -8.511472E-04,    -4.142411E-04,    -1.052583E-04,     1.116480E-04,     2.621705E-04,
  7.500000E+00,     7.074376E-09,     4.244557E-01,     6.225064E-02,     1.999650E-03,    -1.312561E-03,    -1.055637E-03,    -6.106610E-04,    -2.518761E-04,     1.293018E-05,     2.036218E-04,     3.376037E-04,
  8.000000E+00,     7.074376E-09,     3.814170E-01,     8.239912E-02,     4.294630E-03,    -5.521343E-04,    -6.367994E-04,    -3.458190E-04,    -7.132841E-05,     1.442753E-04,     3.049788E-04,     4.196114E-04,
  8.500000E+00,     7.074376E-09,     3.261712E-01,     1.066323E-01,     6.852417E-03,     2.322159E-04,    -1.986423E-04,    -6.298620E-05,     1.237480E-04,     2.866005E-04,     4.143708E-04,     5.073155E-04,
  9.000000E+00,     7.074376E-09,     2.681588E-01,     1.354013E-01,     9.740247E-03,     1.027558E-03,     2.480506E-04,     2.313664E-04,     3.294995E-04,     4.375455E-04,     5.303026E-04,     5.997242E-04,
  9.500000E+00,     7.074376E-09,     2.141598E-01,     1.688193E-01,     1.305898E-02,     1.825382E-03,     6.933350E-04,     5.308693E-04,     5.419889E-04,     5.946323E-04,     6.511711E-04,     6.957552E-04,
  1.000000E+01,     7.074376E-09,     1.676834E-01,     2.063703E-01,     1.694853E-02,     2.622398E-03,     1.128432E-03,     8.294432E-04,     7.573054E-04,     7.553302E-04,     7.753043E-04,     7.942597E-04,
  1.050000E+01,     7.074376E-09,     1.296841E-01,     2.465682E-01,     2.159382E-02,     3.421266E-03,     1.545990E-03,     1.121461E-03,     9.716661E-04,     9.171187E-04,     9.010002E-04,     8.940465E-04,
  1.100000E+01,     7.074376E-09,     9.962395E-02,     2.866709E-01,     2.723111E-02,     4.231319E-03,     1.940285E-03,     1.401882E-03,     1.181507E-03,     1.077546E-03,     1.026565E-03,     9.939061E-04,
  1.150000E+01,     7.074376E-09,     7.632326E-02,     3.226518E-01,     3.415411E-02,     5.069346E-03,     2.307360E-03,     1.666355E-03,     1.383558E-03,     1.234283E-03,     1.150350E-03,     1.092634E-03,
  1.200000E+01,     7.074376E-09,     5.847210E-02,     3.496762E-01,     4.271855E-02,     5.960515E-03,     2.645121E-03,     1.911292E-03,     1.574908E-03,     1.385167E-03,     1.270779E-03,     1.189052E-03,
  1.250000E+01,     7.074376E-09,     4.487486E-02,     3.632022E-01,     5.334286E-02,     6.939537E-03,     2.953395E-03,     2.133906E-03,     1.753048E-03,     1.528245E-03,     1.386385E-03,     1.282029E-03,
  1.300000E+01,     7.074376E-09,     3.453586E-02,     3.604497E-01,     6.650030E-02,     8.052168E-03,     3.233975E-03,     2.332237E-03,     1.915904E-03,     1.661796E-03,     1.495828E-03,     1.370497E-03,
  1.350000E+01,     7.074376E-09,     2.666626E-02,     3.415487E-01,     8.269587E-02,     9.357159E-03,     3.490661E-03,     2.505134E-03,     2.061852E-03,     1.784363E-03,     1.597917E-03,     1.453466E-03,
  1.400000E+01,     7.074376E-09,     2.065912E-02,     3.096369E-01,     1.024174E-01,     1.092878E-02,     3.729324E-03,     2.652239E-03,     2.189724E-03,     1.894758E-03,     1.691625E-03,     1.530037E-03,
  1.450000E+01,     7.074376E-09,     1.605555E-02,     2.697685E-01,     1.260477E-01,     1.286003E-02,     3.958013E-03,     2.773945E-03,     2.298793E-03,     1.992073E-03,     1.776102E-03,     1.599411E-03,
  1.500000E+01,     7.074376E-09,     1.251202E-02,     2.272675E-01,     1.537236E-01,     1.526663E-02,     4.187127E-03,     2.871349E-03,     2.388754E-03,     2.075677E-03,     1.850675E-03,     1.660891E-03,
  1.550000E+01,     7.074376E-09,     9.772414E-03,     1.864015E-01,     1.851345E-01,     1.829184E-02,     4.429687E-03,     2.946207E-03,     2.459698E-03,     2.145205E-03,     1.914852E-03,     1.713890E-03,
  1.600000E+01,     7.074376E-09,     7.645671E-03,     1.498277E-01,     2.192765E-01,     2.211213E-02,     4.701722E-03,     3.000887E-03,     2.512076E-03,     2.200549E-03,     1.968322E-03,     1.757925E-03,
  1.650000E+01,     7.074376E-09,     5.988636E-03,     1.187106E-01,     2.542188E-01,     2.694341E-02,     5.022829E-03,     3.038335E-03,     2.546656E-03,     2.241836E-03,     2.010941E-03,     1.792617E-03,
  1.700000E+01,     7.074376E-09,     4.693408E-03,     9.315702E-02,     2.870063E-01,     3.304730E-02,     5.416916E-03,     3.062057E-03,     2.564488E-03,     2.269407E-03,     2.042729E-03,     1.817682E-03,
  1.750000E+01,     7.074376E-09,     3.678162E-03,     7.267635E-02,     3.138690E-01,     4.073629E-02,     5.913200E-03,     3.076118E-03,     2.566859E-03,     2.283790E-03,     2.063853E-03,     1.832925E-03,
  1.800000E+01,     7.074376E-09,     2.880531E-03,     5.652553E-02,     3.308745E-01,     5.037574E-02,     6.547505E-03,     3.085176E-03,     2.555254E-03,     2.285679E-03,     2.074615E-03,     1.838227E-03,
  1.850000E+01,     7.074376E-09,     2.252796E-03,     4.392048E-02,     3.349654E-01,     6.237911E-02,     7.363926E-03,     3.094543E-03,     2.531323E-03,     2.275898E-03,     2.075432E-03,     1.833533E-03,
  1.900000E+01,     7.074376E-09,     1.758308E-03,     3.414323E-02,     3.250163E-01,     7.719072E-02,     8.416943E-03,     3.110298E-03,     2.496850E-03,     2.255384E-03,     2.066824E-03,     1.818836E-03,
  1.950000E+01,     7.074376E-09,     1.368776E-03,     2.658347E-02,     3.023530E-01,     9.524768E-02,     9.774053E-03,     3.139442E-03,     2.453727E-03,     2.225153E-03,     2.049391E-03,     1.794166E-03,
  2.000000E+01,     7.074376E-09,     1.062208E-03,     2.074450E-02,     2.703790E-01,     1.169098E-01,     1.151903E-02,     3.190124E-03,     2.403946E-03,     2.186279E-03,     2.023801E-03,     1.759566E-03,
  2.050000E+01,     7.074376E-09,     8.213689E-04,     1.623273E-02,     2.334809E-01,     1.423452E-01,     1.375591E-02,     3.271940E-03,     2.349588E-03,     2.139875E-03,     1.990764E-03,     1.715085E-03,
  2.100000E+01,     7.074376E-09,     6.326377E-04,     1.274142E-02,     1.958020E-01,     1.713637E-01,     1.661366E-02,     3.396327E-03,     2.292832E-03,     2.087068E-03,     1.951025E-03,     1.660751E-03,
  2.150000E+01,     7.074376E-09,     4.851843E-04,     1.003386E-02,     1.604276E-01,     2.032053E-01,     2.025167E-02,     3.577073E-03,     2.235974E-03,     2.028987E-03,     1.905343E-03,     1.596563E-03,
  2.200000E+01,     7.074376E-09,     3.703713E-04,     7.928500E-03,     1.291524E-01,     2.363232E-01,     2.486574E-02,     3.830966E-03,     2.181460E-03,     1.966749E-03,     1.854477E-03,     1.522470E-03,
  2.250000E+01,     7.074376E-09,     2.813089E-04,     6.286484E-03,     1.026675E-01,     2.682529E-01,     3.069418E-02,     4.178618E-03,     2.131941E-03,     1.901451E-03,     1.799173E-03,     1.438359E-03,
  2.300000E+01,     7.074376E-09,     2.125101E-04,     5.001716E-03,     8.091581E-02,     2.957085E-01,     3.802307E-02,     4.645510E-03,     2.090338E-03,     1.834163E-03,     1.740156E-03,     1.344045E-03,
  2.350000E+01,     7.074376E-09,     1.596136E-04,     3.993103E-03,     6.342889E-02,     3.150428E-01,     4.718883E-02,     5.263303E-03,     2.059942E-03,     1.765932E-03,     1.678116E-03,     1.239256E-03,
  2.400000E+01,     7.074376E-09,     1.191570E-04,     3.198580E-03,     4.957327E-02,     3.230864E-01,     5.857523E-02,     6.071469E-03,     2.044537E-03,     1.697779E-03,     1.613703E-03,     1.123629E-03,
  2.450000E+01,     7.074376E-09,     8.839354E-05,     2.570548E-03,     3.869879E-02,     3.181327E-01,     7.259963E-02,     7.119336E-03,     2.048556E-03,     1.630715E-03,     1.547518E-03,     9.967084E-04,
  2.500000E+01,     7.074376E-09,     6.514626E-05,     2.072411E-03,     3.021397E-02,     3.006146E-01,     8.968137E-02,     8.468614E-03,     2.077283E-03,     1.565749E-03,     1.480112E-03,     8.579458E-04,
  2.550000E+01,     7.074376E-09,     4.769314E-05,     1.675957E-03,     2.361510E-02,     2.730591E-01,     1.101822E-01,     1.019648E-02,     2.137110E-03,     1.503907E-03,     1.411980E-03,     7.067088E-04,
  2.600000E+01,     7.074376E-09,     3.467758E-05,     1.359373E-03,     1.848990E-02,     2.392990E-01,     1.343075E-01,     1.239935E-02,     2.235848E-03,     1.446263E-03,     1.343561E-03,     5.422948E-04,
  2.650000E+01,     7.074376E-09,     2.503726E-05,     1.105737E-03,     1.450930E-02,     2.033546E-01,     1.619587E-01,     1.519734E-02,     2.383136E-03,     1.393967E-03,     1.275237E-03,     3.639539E-04,
  2.700000E+01,     7.074376E-09,     1.794632E-05,     9.018825E-04,     1.141470E-02,     1.685214E-01,     1.925408E-01,     1.873942E-02,     2.590935E-03,     1.348288E-03,     1.207336E-03,     1.709202E-04,
  2.750000E+01,     7.074376E-09,     1.276777E-05,     7.375319E-04,     9.004960E-03,     1.369534E-01,     2.247528E-01,     2.320921E-02,     2.874168E-03,     1.310667E-03,     1.140132E-03,    -3.754584E-05,
  2.800000E+01,     7.074376E-09,     9.013861E-06,     6.046341E-04,     7.124548E-03,     1.096979E-01,     2.564351E-01,     2.883093E-02,     3.251502E-03,     1.282783E-03,     1.073857E-03,    -2.621033E-04,
  2.850000E+01,     7.074376E-09,     6.313733E-06,     4.968618E-04,     5.653598E-03,     8.697228E-02,     2.845968E-01,     3.587469E-02,     3.746346E-03,     1.266631E-03,     1.008700E-03,    -5.032630E-04,
  2.900000E+01,     7.074376E-09,     4.387205E-06,     4.092257E-04,     4.499871E-03,     6.848706E-02,     3.057599E-01,     4.465964E-02,     4.388087E-03,     1.264624E-03,     9.448215E-04,    -7.613053E-04,
  2.950000E+01,     7.074376E-09,     3.024024E-06,     3.377777E-04,     3.592403E-03,     5.370749E-02,     3.166746E-01,     5.555232E-02,     5.213642E-03,     1.279721E-03,     8.823654E-04,    -1.036181E-03,
  3.000000E+01,     7.074376E-09,     2.067593E-06,     2.793824E-04,     2.876550E-03,     4.202727E-02,     3.152522E-01,     6.895563E-02,     6.269390E-03,     1.315575E-03,     8.214743E-04,    -1.327398E-03,
  3.050000E+01,     7.074376E-09,     1.402257E-06,     2.315418E-04,     2.310178E-03,     3.286567E-02,     3.013289E-01,     8.528209E-02,     7.613555E-03,     1.376736E-03,     7.623122E-04,    -1.633885E-03,
  3.100000E+01,     7.074376E-09,     9.433943E-07,     1.922585E-04,     1.860736E-03,     2.571218E-02,     2.768297E-01,     1.049019E-01,     9.319151E-03,     1.468887E-03,     7.050916E-04,    -1.953839E-03,
  3.150000E+01,     7.074376E-09,     6.296862E-07,     1.599303E-04,     1.503021E-03,     2.013997E-02,     2.451922E-01,     1.280550E-01,     1.147755E-02,     1.599153E-03,     6.501105E-04,    -2.284557E-03,
  3.200000E+01,     7.074376E-09,     4.171230E-07,     1.332684E-04,     1.217471E-03,     1.580311E-02,     2.103396E-01,     1.547179E-01,     1.420273E-02,     1.776482E-03,     5.978003E-04,    -2.622239E-03,
  3.250000E+01,     7.074376E-09,     2.744083E-07,     1.112327E-04,     9.888619E-04,     1.242677E-02,     1.757162E-01,     1.844235E-01,     1.763628E-02,     2.012120E-03,     5.487883E-04,    -2.961781E-03,
  3.300000E+01,     7.074376E-09,     1.794840E-07,     9.298253E-05,     8.053124E-04,     9.795378E-03,     1.437430E-01,     2.160564E-01,     2.195298E-02,     2.320221E-03,     5.039808E-04,    -3.296538E-03,
  3.350000E+01,     7.074376E-09,     1.169413E-07,     7.783645E-05,     6.575256E-04,     7.741206E-03,     1.157378E-01,     2.476849E-01,     2.736663E-02,     2.718595E-03,     4.646711E-04,    -3.618066E-03,
  3.400000E+01,     7.074376E-09,     7.611640E-08,     6.524136E-05,     5.382047E-04,     6.134363E-03,     9.212952E-02,     2.765380E-01,     3.413552E-02,     3.229664E-03,     4.326820E-04,    -3.915844E-03,
  3.450000E+01,     7.074376E-09,     4.970335E-08,     5.474753E-05,     4.416069E-04,     4.874523E-03,     7.276584E-02,     2.992643E-01,     4.256607E-02,     3.881656E-03,     4.105525E-04,    -4.176962E-03,
  3.500000E+01,     7.074376E-09,     3.274991E-08,     4.598865E-05,     3.631991E-04,     3.884277E-03,     5.718670E-02,     3.125526E-01,     5.301233E-02,     4.710088E-03,     4.017819E-04,    -4.385772E-03,
  3.550000E+01,     7.074376E-09,     2.193731E-08,     3.866586E-05,     2.993928E-04,     3.103888E-03,     4.481698E-02,     3.140192E-01,     6.586724E-02,     5.759639E-03,     4.111497E-04,    -4.523501E-03,
  3.600000E+01,     7.074376E-09,     1.506737E-08,     3.253472E-05,     2.473396E-04,     2.487219E-03,     3.508110E-02,     3.030285E-01,     8.153985E-02,     7.086455E-03,     4.451311E-04,    -4.567807E-03,
  3.650000E+01,     7.074376E-09,     1.070245E-08,     2.739485E-05,     2.047718E-04,     1.998585E-03,     2.746016E-02,     2.810162E-01,     1.004097E-01,     8.761005E-03,     5.124391E-04,    -4.492276E-03,
  3.700000E+01,     7.074376E-09,     7.915652E-09,     2.308141E-05,     1.698791E-04,     1.610332E-03,     2.151325E-02,     2.510851E-01,     1.227477E-01,     1.087156E-02,     6.247261E-04,    -4.265829E-03,
  3.750000E+01,     7.074376E-09,     6.119901E-09,     1.945833E-05,     1.412126E-04,     1.300988E-03,     1.687914E-02,     2.170665E-01,     1.485940E-01,     1.352835E-02,     7.974904E-04,    -3.852063E-03,
  3.800000E+01,     7.074376E-09,     4.952223E-09,     1.641289E-05,     1.176093E-04,     1.053839E-03,     1.326858E-02,     1.825233E-01,     1.775888E-01,     1.686852E-02,     1.051243E-03,    -3.208481E-03,
  3.850000E+01,     7.074376E-09,     4.196169E-09,     1.385133E-05,     9.813342E-05,     8.558456E-04,     1.045347E-02,     1.501030E-01,     2.087721E-01,     2.106165E-02,     1.413005E-03,    -2.285647E-03,
  3.900000E+01,     7.074376E-09,     3.729987E-09,     1.169545E-05,     8.203005E-05,     6.968064E-04,     8.255575E-03,     1.213588E-01,     2.404032E-01,     2.631576E-02,     1.918211E-03,    -1.026288E-03,
  3.950000E+01,     7.074376E-09,     3.492161E-09,     9.879844E-06,     6.868861E-05,     5.687213E-04,     6.536490E-03,     9.690588E-02,     2.698986E-01,     3.288302E-02,     2.613127E-03,     6.356244E-04,
  4.000000E+01,     7.074376E-09,     3.458396E-09,     8.349726E-06,     5.761408E-05,     4.652991E-04,     5.189064E-03,     7.671320E-02,     2.940208E-01,     4.106408E-02,     3.557886E-03,     2.775697E-03,
  4.050000E+01,     7.074376E-09,     3.626311E-09,     7.059191E-06,     4.840419E-05,     3.815800E-04,     4.130491E-03,     6.038605E-02,     3.094176E-01,     5.120884E-02,     4.830277E-03,     5.479722E-03,
  4.100000E+01,     7.074376E-09,     4.004673E-09,     5.969786E-06,     4.073126E-05,     3.136428E-04,     3.296798E-03,     4.737561E-02,     3.134619E-01,     6.370997E-02,     6.530401E-03,     8.843852E-03,
  4.150000E+01,     7.074376E-09,     4.605824E-09,     5.049336E-06,     3.432778E-05,     2.583796E-04,     2.638535E-03,     3.710914E-02,     3.051117E-01,     7.898365E-02,     8.786323E-03,     1.297409E-02,
  4.200000E+01,     7.074376E-09,     5.439716E-09,     4.270960E-06,     2.897489E-05,     2.133206E-04,     2.117436E-03,     2.905862E-02,     2.853626E-01,     9.742939E-02,     1.176080E-02,     1.798472E-02,
  4.250000E+01,     7.074376E-09,     6.509080E-09,     3.612217E-06,     2.449312E-05,     1.764979E-04,     1.703837E-03,     2.276917E-02,     2.570007E-01,     1.193586E-01,     1.565904E-02,     2.399530E-02,
  4.300000E+01,     7.074376E-09,     7.805388E-09,     3.054386E-06,     2.073502E-05,     1.463399E-04,     1.374705E-03,     1.786471E-02,     2.237547E-01,     1.448813E-01,     2.073733E-02,     3.112575E-02,
  4.350000E+01,     7.074376E-09,     9.305023E-09,     2.581836E-06,     1.757918E-05,     1.215877E-04,     1.112113E-03,     1.404233E-02,     1.892821E-01,     1.737452E-01,     2.731206E-02,     3.948910E-02,
  4.400000E+01,     7.074376E-09,     1.096636E-08,     2.181482E-06,     1.492543E-05,     1.012309E-04,     9.020769E-04,     1.106208E-02,     1.564355E-01,     2.051384E-01,     3.576815E-02,     4.918165E-02,
  4.450000E+01,     7.074376E-09,     1.272687E-08,     1.842336E-06,     1.269096E-05,     8.445660E-05,     7.336637E-04,     8.735979E-03,     1.269891E-01,     2.374975E-01,     4.656537E-02,     6.027071E-02,
  4.500000E+01,     7.074376E-09,     1.450080E-08,     1.555122E-06,     1.080718E-05,     7.060896E-05,     5.983048E-04,     6.917731E-03,     1.017369E-01,     2.684111E-01,     6.024010E-02,     7.278069E-02,
  4.550000E+01,     7.074376E-09,     1.617718E-08,     1.311963E-06,     9.217160E-06,     5.915807E-05,     4.892685E-04,     5.493961E-03,     8.076669E-02,     2.947481E-01,     7.739919E-02,     8.668038E-02,
  4.600000E+01,     7.074376E-09,     1.761775E-08,     1.106133E-06,     7.873541E-06,     4.967476E-05,     4.012548E-04,     4.377000E-03,     6.374905E-02,     3.131280E-01,     9.870282E-02,     1.018770E-01,
  4.650000E+01,     7.074376E-09,     1.865426E-08,     9.318520E-07,     6.736866E-06,     4.181090E-05,     3.300818E-04,     3.499127E-03,     5.016273E-02,     3.207233E-01,     1.248351E-01,     1.182293E-01,
  4.700000E+01,     7.074376E-09,     1.908349E-08,     7.841236E-07,     5.774196E-06,     3.528381E-05,     2.724452E-04,     2.808052E-03,     3.944017E-02,     3.161617E-01,     1.564708E-01,     1.356053E-01,
  4.750000E+01,     7.074376E-09,     1.865752E-08,     6.585949E-07,     4.957984E-06,     2.986386E-05,     2.257311E-04,     2.263408E-03,     3.104772E-02,     3.001101E-01,     1.942711E-01,     1.540367E-01,
  4.800000E+01,     7.074376E-09,     1.706595E-08,     5.514253E-07,     4.265154E-06,     2.536470E-05,     1.878732E-04,     1.834057E-03,     2.452158E-02,     2.751933E-01,     2.390046E-01,     1.740846E-01,
  4.850000E+01,     7.074376E-09,     1.390659E-08,     4.591450E-07,     3.676321E-06,     2.163543E-05,     1.572408E-04,     1.496032E-03,     1.947821E-02,     2.452583E-01,     2.920320E-01,     1.976653E-01,
  4.900000E+01,     7.074376E-09,     8.642846E-09,     3.784756E-07,     3.175070E-06,     1.855403E-05,     1.325516E-04,     1.230958E-03,     1.561131E-02,     2.143687E-01,     3.567319E-01,     2.299461E-01,
  4.950000E+01,     7.074376E-09,     5.473917E-10,     3.060826E-07,     2.747140E-06,     1.602094E-05,     1.127956E-04,     1.024797E-03,     1.268288E-02,     1.859842E-01,     4.423277E-01,     2.839796E-01,
