alpha(x) =  0.500  beta(v) =  0.700  delta (t) = 0.050Free stream: density =  1.000  velocity = -1.000  temperature =  1.000  Execution time =    24.58 s
vxmax=   7.00  vxmin=  -7.00  vymax=   7.00  vymin=  -7.00  vzmax=   7.00  vzmin=  -7.00
x, t=      0.0, t=      5.0, t=     10.0, t=     15.0, t=     20.0, t=     25.0, t=     30.0, t=     35.0, t=     40.0, t=     45.0, t=     50.0,
  0.000000E+00,     1.000000E+00,     1.586162E+00,     1.617695E+00,     1.629709E+00,     1.636004E+00,     1.639847E+00,     1.642401E+00,     1.644191E+00,     1.645494E+00,     1.646468E+00,     1.647218E+00,
  5.000000E-01,     1.000000E+00,     1.588831E+00,     1.618179E+00,     1.629916E+00,     1.636117E+00,     1.639917E+00,     1.642448E+00,     1.644225E+00,     1.645518E+00,     1.646487E+00,     1.647232E+00,
  1.000000E+00,     1.000000E+00,     1.593862E+00,     1.619456E+00,     1.630475E+00,     1.636424E+00,     1.640107E+00,     1.642576E+00,     1.644315E+00,     1.645585E+00,     1.646537E+00,     1.647272E+00,
  1.500000E+00,     1.000000E+00,     1.600251E+00,     1.621442E+00,     1.631367E+00,     1.636916E+00,     1.640414E+00,     1.642782E+00,     1.644461E+00,     1.645692E+00,     1.646619E+00,     1.647335E+00,
  2.000000E+00,     1.000000E+00,     1.606761E+00,     1.624015E+00,     1.632561E+00,     1.637582E+00,     1.640830E+00,     1.643062E+00,     1.644660E+00,     1.645840E+00,     1.646731E+00,     1.647423E+00,
  2.500000E+00,     1.000000E+00,     1.611986E+00,     1.627026E+00,     1.634017E+00,     1.638406E+00,     1.641349E+00,     1.643413E+00,     1.644911E+00,     1.646025E+00,     1.646873E+00,     1.647533E+00,
  3.000000E+00,     1.000000E+00,     1.614369E+00,     1.630304E+00,     1.635688E+00,     1.639368E+00,     1.641960E+00,     1.643829E+00,     1.645208E+00,     1.646246E+00,     1.647041E+00,     1.647665E+00,
  3.500000E+00,     1.000000E+00,     1.612214E+00,     1.633670E+00,     1.637523E+00,     1.640446E+00,     1.642652E+00,     1.644304E+00,     1.645549E+00,     1.646500E+00,     1.647236E+00,     1.647818E+00,
  4.000000E+00,     1.000000E+00,     1.603733E+00,     1.636940E+00,     1.639467E+00,     1.641617E+00,     1.643413E+00,     1.644829E+00,     1.645929E+00,     1.646784E+00,     1.647454E+00,     1.647990E+00,
  4.500000E+00,     1.000000E+00,     1.587175E+00,     1.639927E+00,     1.641463E+00,     1.642856E+00,     1.644230E+00,     1.645398E+00,     1.646342E+00,     1.647094E+00,     1.647693E+00,     1.648178E+00,
  5.000000E+00,     1.000000E+00,     1.561093E+00,     1.642442E+00,     1.643460E+00,     1.644137E+00,     1.645089E+00,     1.646002E+00,     1.646784E+00,     1.647428E+00,     1.647951E+00,     1.648383E+00,
  5.500000E+00,     1.000000E+00,     1.524765E+00,     1.644287E+00,     1.645403E+00,     1.645436E+00,     1.645975E+00,     1.646633E+00,     1.647250E+00,     1.647781E+00,     1.648225E+00,     1.648600E+00,
  6.000000E+00,     1.000000E+00,     1.478684E+00,     1.645247E+00,     1.647245E+00,     1.646730E+00,     1.646876E+00,     1.647282E+00,     1.647732E+00,     1.648149E+00,     1.648513E+00,     1.648830E+00,
  6.500000E+00,     1.000000E+00,     1.424888E+00,     1.645078E+00,     1.648941E+00,     1.647994E+00,     1.647778E+00,     1.647940E+00,     1.648226E+00,     1.648529E+00,     1.648811E+00,     1.649069E+00,
  7.000000E+00,     1.000000E+00,     1.366818E+00,     1.643490E+00,     1.650449E+00,     1.649210E+00,     1.648667E+00,     1.648600E+00,     1.648726E+00,     1.648916E+00,     1.649116E+00,     1.649315E+00,
  7.500000E+00,     1.000000E+00,     1.308573E+00,     1.640130E+00,     1.651731E+00,     1.650359E+00,     1.649533E+00,     1.649252E+00,     1.649227E+00,     1.649307E+00,     1.649427E+00,     1.649566E+00,
  8.000000E+00,     1.000000E+00,     1.253880E+00,     1.634564E+00,     1.652750E+00,     1.651425E+00,     1.650365E+00,     1.649891E+00,     1.649723E+00,     1.649698E+00,     1.649739E+00,     1.649821E+00,
  8.500000E+00,     1.000000E+00,     1.205299E+00,     1.626262E+00,     1.653466E+00,     1.652394E+00,     1.651152E+00,     1.650508E+00,     1.650209E+00,     1.650085E+00,     1.650051E+00,     1.650076E+00,
  9.000000E+00,     1.000000E+00,     1.163995E+00,     1.614598E+00,     1.653839E+00,     1.653255E+00,     1.651888E+00,     1.651098E+00,     1.650680E+00,     1.650464E+00,     1.650358E+00,     1.650330E+00,
  9.500000E+00,     1.000000E+00,     1.129985E+00,     1.598866E+00,     1.653819E+00,     1.653999E+00,     1.652565E+00,     1.651655E+00,     1.651132E+00,     1.650832E+00,     1.650660E+00,     1.650582E+00,
  1.000000E+01,     1.000000E+00,     1.102587E+00,     1.578338E+00,     1.653349E+00,     1.654619E+00,     1.653178E+00,     1.652175E+00,     1.651562E+00,     1.651186E+00,     1.650953E+00,     1.650828E+00,
  1.050000E+01,     1.000000E+00,     1.080816E+00,     1.552371E+00,     1.652352E+00,     1.655107E+00,     1.653723E+00,     1.652653E+00,     1.651965E+00,     1.651523E+00,     1.651235E+00,     1.651067E+00,
  1.100000E+01,     1.000000E+00,     1.063650E+00,     1.520563E+00,     1.650730E+00,     1.655459E+00,     1.654196E+00,     1.653087E+00,     1.652340E+00,     1.651842E+00,     1.651504E+00,     1.651298E+00,
  1.150000E+01,     1.000000E+00,     1.050166E+00,     1.482963E+00,     1.648356E+00,     1.655667E+00,     1.654597E+00,     1.653474E+00,     1.652683E+00,     1.652139E+00,     1.651759E+00,     1.651520E+00,
  1.200000E+01,     1.000000E+00,     1.039588E+00,     1.440250E+00,     1.645065E+00,     1.655727E+00,     1.654924E+00,     1.653813E+00,     1.652994E+00,     1.652412E+00,     1.651997E+00,     1.651730E+00,
  1.250000E+01,     1.000000E+00,     1.031286E+00,     1.393801E+00,     1.640640E+00,     1.655627E+00,     1.655178E+00,     1.654102E+00,     1.653269E+00,     1.652661E+00,     1.652217E+00,     1.651927E+00,
  1.300000E+01,     1.000000E+00,     1.024760E+00,     1.345576E+00,     1.634810E+00,     1.655357E+00,     1.655359E+00,     1.654343E+00,     1.653510E+00,     1.652885E+00,     1.652419E+00,     1.652112E+00,
  1.350000E+01,     1.000000E+00,     1.019619E+00,     1.297784E+00,     1.627232E+00,     1.654901E+00,     1.655468E+00,     1.654535E+00,     1.653715E+00,     1.653082E+00,     1.652601E+00,     1.652282E+00,
  1.400000E+01,     1.000000E+00,     1.015557E+00,     1.252475E+00,     1.617488E+00,     1.654235E+00,     1.655506E+00,     1.654679E+00,     1.653884E+00,     1.653252E+00,     1.652762E+00,     1.652437E+00,
  1.450000E+01,     1.000000E+00,     1.012338E+00,     1.211192E+00,     1.605083E+00,     1.653329E+00,     1.655475E+00,     1.654777E+00,     1.654017E+00,     1.653394E+00,     1.652902E+00,     1.652577E+00,
  1.500000E+01,     1.000000E+00,     1.009780E+00,     1.174819E+00,     1.589461E+00,     1.652141E+00,     1.655376E+00,     1.654831E+00,     1.654117E+00,     1.653510E+00,     1.653022E+00,     1.652701E+00,
  1.550000E+01,     1.000000E+00,     1.007746E+00,     1.143626E+00,     1.570041E+00,     1.650616E+00,     1.655207E+00,     1.654842E+00,     1.654182E+00,     1.653599E+00,     1.653120E+00,     1.652810E+00,
  1.600000E+01,     1.000000E+00,     1.006125E+00,     1.117421E+00,     1.546281E+00,     1.648681E+00,     1.654968E+00,     1.654813E+00,     1.654216E+00,     1.653662E+00,     1.653197E+00,     1.652904E+00,
  1.650000E+01,     1.000000E+00,     1.004834E+00,     1.095731E+00,     1.517792E+00,     1.646241E+00,     1.654657E+00,     1.654746E+00,     1.654219E+00,     1.653699E+00,     1.653253E+00,     1.652982E+00,
  1.700000E+01,     1.000000E+00,     1.003807E+00,     1.077963E+00,     1.484467E+00,     1.643173E+00,     1.654269E+00,     1.654643E+00,     1.654194E+00,     1.653713E+00,     1.653289E+00,     1.653045E+00,
  1.750000E+01,     1.000000E+00,     1.002990E+00,     1.063504E+00,     1.446630E+00,     1.639321E+00,     1.653797E+00,     1.654506E+00,     1.654141E+00,     1.653703E+00,     1.653306E+00,     1.653093E+00,
  1.800000E+01,     1.000000E+00,     1.002341E+00,     1.051781E+00,     1.405130E+00,     1.634483E+00,     1.653230E+00,     1.654338E+00,     1.654064E+00,     1.653671E+00,     1.653304E+00,     1.653128E+00,
  1.850000E+01,     1.000000E+00,     1.001827E+00,     1.042292E+00,     1.361316E+00,     1.628411E+00,     1.652554E+00,     1.654140E+00,     1.653964E+00,     1.653619E+00,     1.653285E+00,     1.653150E+00,
  1.900000E+01,     1.000000E+00,     1.001420E+00,     1.034613E+00,     1.316883E+00,     1.620793E+00,     1.651749E+00,     1.653912E+00,     1.653843E+00,     1.653548E+00,     1.653249E+00,     1.653161E+00,
  1.950000E+01,     1.000000E+00,     1.001098E+00,     1.028394E+00,     1.273593E+00,     1.611258E+00,     1.650790E+00,     1.653656E+00,     1.653702E+00,     1.653460E+00,     1.653197E+00,     1.653160E+00,
  2.000000E+01,     1.000000E+00,     1.000846E+00,     1.023349E+00,     1.232977E+00,     1.599364E+00,     1.649641E+00,     1.653371E+00,     1.653545E+00,     1.653355E+00,     1.653130E+00,     1.653150E+00,
  2.050000E+01,     1.000000E+00,     1.000648E+00,     1.019247E+00,     1.196133E+00,     1.584615E+00,     1.648258E+00,     1.653056E+00,     1.653372E+00,     1.653237E+00,     1.653051E+00,     1.653131E+00,
  2.100000E+01,     1.000000E+00,     1.000494E+00,     1.015906E+00,     1.163651E+00,     1.566485E+00,     1.646584E+00,     1.652709E+00,     1.653186E+00,     1.653106E+00,     1.652959E+00,     1.653106E+00,
  2.150000E+01,     1.000000E+00,     1.000374E+00,     1.013176E+00,     1.135668E+00,     1.544470E+00,     1.644546E+00,     1.652326E+00,     1.652987E+00,     1.652963E+00,     1.652857E+00,     1.653074E+00,
  2.200000E+01,     1.000000E+00,     1.000282E+00,     1.010941E+00,     1.111986E+00,     1.518168E+00,     1.642049E+00,     1.651901E+00,     1.652777E+00,     1.652811E+00,     1.652744E+00,     1.653039E+00,
  2.250000E+01,     1.000000E+00,     1.000211E+00,     1.009106E+00,     1.092206E+00,     1.487397E+00,     1.638975E+00,     1.651428E+00,     1.652557E+00,     1.652650E+00,     1.652624E+00,     1.653001E+00,
  2.300000E+01,     1.000000E+00,     1.000157E+00,     1.007596E+00,     1.075838E+00,     1.452315E+00,     1.635174E+00,     1.650896E+00,     1.652327E+00,     1.652482E+00,     1.652496E+00,     1.652963E+00,
  2.350000E+01,     1.000000E+00,     1.000116E+00,     1.006350E+00,     1.062377E+00,     1.413524E+00,     1.630458E+00,     1.650293E+00,     1.652088E+00,     1.652309E+00,     1.652363E+00,     1.652925E+00,
  2.400000E+01,     1.000000E+00,     1.000086E+00,     1.005319E+00,     1.051348E+00,     1.372092E+00,     1.624594E+00,     1.649600E+00,     1.651839E+00,     1.652130E+00,     1.652225E+00,     1.652890E+00,
  2.450000E+01,     1.000000E+00,     1.000062E+00,     1.004464E+00,     1.042329E+00,     1.329457E+00,     1.617295E+00,     1.648798E+00,     1.651579E+00,     1.651948E+00,     1.652083E+00,     1.652860E+00,
  2.500000E+01,     1.000000E+00,     1.000045E+00,     1.003753E+00,     1.034958E+00,     1.287227E+00,     1.608214E+00,     1.647857E+00,     1.651308E+00,     1.651762E+00,     1.651938E+00,     1.652836E+00,
  2.550000E+01,     1.000000E+00,     1.000033E+00,     1.003161E+00,     1.028930E+00,     1.246915E+00,     1.596944E+00,     1.646742E+00,     1.651022E+00,     1.651575E+00,     1.651792E+00,     1.652820E+00,
  2.600000E+01,     1.000000E+00,     1.000023E+00,     1.002667E+00,     1.023996E+00,     1.209716E+00,     1.583023E+00,     1.645409E+00,     1.650720E+00,     1.651385E+00,     1.651645E+00,     1.652815E+00,
  2.650000E+01,     1.000000E+00,     1.000016E+00,     1.002253E+00,     1.019950E+00,     1.176392E+00,     1.565954E+00,     1.643801E+00,     1.650396E+00,     1.651195E+00,     1.651498E+00,     1.652821E+00,
  2.700000E+01,     1.000000E+00,     1.000012E+00,     1.001905E+00,     1.016626E+00,     1.147265E+00,     1.545246E+00,     1.641847E+00,     1.650047E+00,     1.651003E+00,     1.651353E+00,     1.652842E+00,
  2.750000E+01,     1.000000E+00,     1.000008E+00,     1.001613E+00,     1.013889E+00,     1.122302E+00,     1.520488E+00,     1.639456E+00,     1.649664E+00,     1.650809E+00,     1.651209E+00,     1.652878E+00,
  2.800000E+01,     1.000000E+00,     1.000006E+00,     1.001367E+00,     1.011630E+00,     1.101225E+00,     1.491442E+00,     1.636515E+00,     1.649240E+00,     1.650615E+00,     1.651068E+00,     1.652932E+00,
  2.850000E+01,     1.000000E+00,     1.000004E+00,     1.001160E+00,     1.009761E+00,     1.083625E+00,     1.458164E+00,     1.632882E+00,     1.648763E+00,     1.650417E+00,     1.650929E+00,     1.653006E+00,
  2.900000E+01,     1.000000E+00,     1.000003E+00,     1.000984E+00,     1.008211E+00,     1.069039E+00,     1.421104E+00,     1.628379E+00,     1.648219E+00,     1.650217E+00,     1.650795E+00,     1.653101E+00,
  2.950000E+01,     1.000000E+00,     1.000002E+00,     1.000836E+00,     1.006923E+00,     1.057013E+00,     1.381153E+00,     1.622788E+00,     1.647591E+00,     1.650012E+00,     1.650664E+00,     1.653218E+00,
  3.000000E+01,     1.000000E+00,     1.000001E+00,     1.000711E+00,     1.005849E+00,     1.047127E+00,     1.339595E+00,     1.615837E+00,     1.646857E+00,     1.649802E+00,     1.650538E+00,     1.653360E+00,
  3.050000E+01,     1.000000E+00,     1.000001E+00,     1.000605E+00,     1.004952E+00,     1.039012E+00,     1.297937E+00,     1.607201E+00,     1.645989E+00,     1.649582E+00,     1.650416E+00,     1.653527E+00,
  3.100000E+01,     1.000000E+00,     1.000001E+00,     1.000515E+00,     1.004201E+00,     1.032352E+00,     1.257679E+00,     1.596496E+00,     1.644953E+00,     1.649351E+00,     1.650299E+00,     1.653720E+00,
  3.150000E+01,     1.000000E+00,     1.000000E+00,     1.000438E+00,     1.003570E+00,     1.026883E+00,     1.220086E+00,     1.583280E+00,     1.643704E+00,     1.649105E+00,     1.650186E+00,     1.653938E+00,
  3.200000E+01,     1.000000E+00,     1.000000E+00,     1.000373E+00,     1.003040E+00,     1.022388E+00,     1.186033E+00,     1.567075E+00,     1.642189E+00,     1.648839E+00,     1.650078E+00,     1.654183E+00,
  3.250000E+01,     1.000000E+00,     1.000000E+00,     1.000318E+00,     1.002593E+00,     1.018686E+00,     1.155976E+00,     1.547399E+00,     1.640339E+00,     1.648547E+00,     1.649974E+00,     1.654452E+00,
  3.300000E+01,     1.000000E+00,     1.000000E+00,     1.000272E+00,     1.002216E+00,     1.015633E+00,     1.129997E+00,     1.523826E+00,     1.638067E+00,     1.648222E+00,     1.649874E+00,     1.654744E+00,
  3.350000E+01,     1.000000E+00,     1.000000E+00,     1.000232E+00,     1.001896E+00,     1.013108E+00,     1.107906E+00,     1.496077E+00,     1.635266E+00,     1.647855E+00,     1.649776E+00,     1.655056E+00,
  3.400000E+01,     1.000000E+00,     1.000000E+00,     1.000198E+00,     1.001625E+00,     1.011016E+00,     1.089352E+00,     1.464130E+00,     1.631801E+00,     1.647434E+00,     1.649680E+00,     1.655384E+00,
  3.450000E+01,     1.000000E+00,     1.000000E+00,     1.000169E+00,     1.001395E+00,     1.009279E+00,     1.073903E+00,     1.428324E+00,     1.627503E+00,     1.646944E+00,     1.649582E+00,     1.655722E+00,
  3.500000E+01,     1.000000E+00,     1.000000E+00,     1.000144E+00,     1.001199E+00,     1.007833E+00,     1.061117E+00,     1.389422E+00,     1.622164E+00,     1.646370E+00,     1.649482E+00,     1.656063E+00,
  3.550000E+01,     1.000000E+00,     1.000000E+00,     1.000123E+00,     1.001033E+00,     1.006627E+00,     1.050575E+00,     1.348590E+00,     1.615528E+00,     1.645688E+00,     1.649376E+00,     1.656396E+00,
  3.600000E+01,     1.000000E+00,     1.000000E+00,     1.000104E+00,     1.000890E+00,     1.005618E+00,     1.041900E+00,     1.307263E+00,     1.607283E+00,     1.644871E+00,     1.649259E+00,     1.656711E+00,
  3.650000E+01,     1.000000E+00,     1.000000E+00,     1.000089E+00,     1.000768E+00,     1.004772E+00,     1.034768E+00,     1.266932E+00,     1.597063E+00,     1.643884E+00,     1.649127E+00,     1.656991E+00,
  3.700000E+01,     1.000000E+00,     1.000000E+00,     1.000076E+00,     1.000664E+00,     1.004062E+00,     1.028903E+00,     1.228912E+00,     1.584443E+00,     1.642685E+00,     1.648974E+00,     1.657218E+00,
  3.750000E+01,     1.000000E+00,     1.000000E+00,     1.000064E+00,     1.000574E+00,     1.003464E+00,     1.024077E+00,     1.194174E+00,     1.568958E+00,     1.641220E+00,     1.648789E+00,     1.657371E+00,
  3.800000E+01,     1.000000E+00,     1.000000E+00,     1.000055E+00,     1.000497E+00,     1.002959E+00,     1.020099E+00,     1.163277E+00,     1.550127E+00,     1.639422E+00,     1.648562E+00,     1.657422E+00,
  3.850000E+01,     1.000000E+00,     1.000000E+00,     1.000046E+00,     1.000431E+00,     1.002532E+00,     1.016815E+00,     1.136398E+00,     1.527514E+00,     1.637206E+00,     1.648280E+00,     1.657339E+00,
  3.900000E+01,     1.000000E+00,     1.000000E+00,     1.000039E+00,     1.000374E+00,     1.002170E+00,     1.014098E+00,     1.113420E+00,     1.500804E+00,     1.634466E+00,     1.647924E+00,     1.657085E+00,
  3.950000E+01,     1.000000E+00,     1.000000E+00,     1.000033E+00,     1.000325E+00,     1.001863E+00,     1.011846E+00,     1.094036E+00,     1.469910E+00,     1.631072E+00,     1.647471E+00,     1.656613E+00,
  4.000000E+01,     1.000000E+00,     1.000000E+00,     1.000028E+00,     1.000282E+00,     1.001602E+00,     1.009975E+00,     1.077842E+00,     1.435081E+00,     1.626857E+00,     1.646893E+00,     1.655873E+00,
  4.050000E+01,     1.000000E+00,     1.000000E+00,     1.000024E+00,     1.000246E+00,     1.001380E+00,     1.008417E+00,     1.064403E+00,     1.396973E+00,     1.621617E+00,     1.646153E+00,     1.654802E+00,
  4.100000E+01,     1.000000E+00,     1.000000E+00,     1.000020E+00,     1.000214E+00,     1.001190E+00,     1.007116E+00,     1.053298E+00,     1.356656E+00,     1.615102E+00,     1.645206E+00,     1.653330E+00,
  4.150000E+01,     1.000000E+00,     1.000000E+00,     1.000017E+00,     1.000186E+00,     1.001027E+00,     1.006028E+00,     1.044146E+00,     1.315502E+00,     1.607006E+00,     1.643992E+00,     1.651375E+00,
  4.200000E+01,     1.000000E+00,     1.000000E+00,     1.000015E+00,     1.000162E+00,     1.000887E+00,     1.005115E+00,     1.036610E+00,     1.274989E+00,     1.596963E+00,     1.642439E+00,     1.648844E+00,
  4.250000E+01,     1.000000E+00,     1.000000E+00,     1.000012E+00,     1.000142E+00,     1.000768E+00,     1.004348E+00,     1.030406E+00,     1.236475E+00,     1.584553E+00,     1.640454E+00,     1.645631E+00,
  4.300000E+01,     1.000000E+00,     1.000000E+00,     1.000010E+00,     1.000124E+00,     1.000664E+00,     1.003701E+00,     1.025294E+00,     1.201010E+00,     1.569302E+00,     1.637920E+00,     1.641618E+00,
  4.350000E+01,     1.000000E+00,     1.000000E+00,     1.000009E+00,     1.000108E+00,     1.000576E+00,     1.003154E+00,     1.021075E+00,     1.169243E+00,     1.550717E+00,     1.634692E+00,     1.636672E+00,
  4.400000E+01,     1.000000E+00,     1.000000E+00,     1.000007E+00,     1.000094E+00,     1.000499E+00,     1.002691E+00,     1.017587E+00,     1.141434E+00,     1.528327E+00,     1.630588E+00,     1.630649E+00,
  4.450000E+01,     1.000000E+00,     1.000000E+00,     1.000006E+00,     1.000082E+00,     1.000432E+00,     1.002297E+00,     1.014696E+00,     1.117527E+00,     1.501762E+00,     1.625379E+00,     1.623393E+00,
  4.500000E+01,     1.000000E+00,     1.000000E+00,     1.000005E+00,     1.000072E+00,     1.000374E+00,     1.001962E+00,     1.012293E+00,     1.097254E+00,     1.470852E+00,     1.618782E+00,     1.614741E+00,
  4.550000E+01,     1.000000E+00,     1.000000E+00,     1.000004E+00,     1.000062E+00,     1.000324E+00,     1.001675E+00,     1.010289E+00,     1.080225E+00,     1.435734E+00,     1.610448E+00,     1.604524E+00,
  4.600000E+01,     1.000000E+00,     1.000000E+00,     1.000004E+00,     1.000054E+00,     1.000280E+00,     1.001429E+00,     1.008610E+00,     1.066007E+00,     1.396933E+00,     1.599946E+00,     1.592576E+00,
  4.650000E+01,     1.000000E+00,     1.000000E+00,     1.000003E+00,     1.000047E+00,     1.000241E+00,     1.001216E+00,     1.007197E+00,     1.054169E+00,     1.355375E+00,     1.586749E+00,     1.578737E+00,
  4.700000E+01,     1.000000E+00,     1.000000E+00,     1.000002E+00,     1.000040E+00,     1.000206E+00,     1.001031E+00,     1.006000E+00,     1.044307E+00,     1.312292E+00,     1.570206E+00,     1.562849E+00,
  4.750000E+01,     1.000000E+00,     1.000000E+00,     1.000002E+00,     1.000035E+00,     1.000176E+00,     1.000869E+00,     1.004976E+00,     1.036056E+00,     1.269009E+00,     1.549496E+00,     1.544733E+00,
  4.800000E+01,     1.000000E+00,     1.000000E+00,     1.000002E+00,     1.000029E+00,     1.000148E+00,     1.000724E+00,     1.004089E+00,     1.029088E+00,     1.226678E+00,     1.523533E+00,     1.524099E+00,
  4.850000E+01,     1.000000E+00,     1.000000E+00,     1.000001E+00,     1.000024E+00,     1.000122E+00,     1.000594E+00,     1.003305E+00,     1.023102E+00,     1.185980E+00,     1.490709E+00,     1.500279E+00,
  4.900000E+01,     1.000000E+00,     1.000000E+00,     1.000001E+00,     1.000020E+00,     1.000098E+00,     1.000471E+00,     1.002589E+00,     1.017803E+00,     1.146855E+00,     1.448273E+00,     1.471522E+00,
  4.950000E+01,     1.000000E+00,     1.000000E+00,     1.000001E+00,     1.000015E+00,     1.000073E+00,     1.000350E+00,     1.001903E+00,     1.012875E+00,     1.108152E+00,     1.390657E+00,     1.433097E+00,
