alpha(x) =  0.500  beta(v) =  0.700  delta (t) = 0.050Free stream: density =  1.000  velocity = -2.000  temperature =  1.000  Execution time =    21.40 s
vxmax=   7.00  vxmin=  -7.00  vymax=   7.00  vymin=  -7.00  vzmax=   7.00  vzmin=  -7.00
x, t=      0.0, t=      5.0, t=     10.0, t=     15.0, t=     20.0, t=     25.0, t=     30.0, t=     35.0, t=     40.0, t=     45.0, t=     50.0,
  0.000000E+00,     9.999997E-01,     7.326238E+00,     7.335127E+00,     7.321685E+00,     7.305727E+00,     7.290300E+00,     7.275669E+00,     7.261783E+00,     7.248571E+00,     7.235968E+00,     7.223904E+00,
  5.000000E-01,     9.999997E-01,     7.325597E+00,     7.335023E+00,     7.321622E+00,     7.305674E+00,     7.290251E+00,     7.275623E+00,     7.261740E+00,     7.248530E+00,     7.235929E+00,     7.223866E+00,
  1.000000E+00,     9.999997E-01,     7.324076E+00,     7.334922E+00,     7.321593E+00,     7.305656E+00,     7.290235E+00,     7.275608E+00,     7.261726E+00,     7.248517E+00,     7.235917E+00,     7.223854E+00,
  1.500000E+00,     9.999997E-01,     7.320943E+00,     7.334784E+00,     7.321563E+00,     7.305643E+00,     7.290225E+00,     7.275599E+00,     7.261717E+00,     7.248508E+00,     7.235909E+00,     7.223846E+00,
  2.000000E+00,     9.999997E-01,     7.314569E+00,     7.334599E+00,     7.321527E+00,     7.305629E+00,     7.290214E+00,     7.275589E+00,     7.261707E+00,     7.248500E+00,     7.235900E+00,     7.223838E+00,
  2.500000E+00,     9.999997E-01,     7.301380E+00,     7.334365E+00,     7.321481E+00,     7.305612E+00,     7.290200E+00,     7.275576E+00,     7.261696E+00,     7.248489E+00,     7.235890E+00,     7.223828E+00,
  3.000000E+00,     9.999997E-01,     7.273805E+00,     7.334078E+00,     7.321425E+00,     7.305591E+00,     7.290185E+00,     7.275562E+00,     7.261682E+00,     7.248476E+00,     7.235878E+00,     7.223816E+00,
  3.500000E+00,     9.999997E-01,     7.216260E+00,     7.333734E+00,     7.321358E+00,     7.305567E+00,     7.290166E+00,     7.275545E+00,     7.261667E+00,     7.248461E+00,     7.235864E+00,     7.223802E+00,
  4.000000E+00,     9.999997E-01,     7.097999E+00,     7.333326E+00,     7.321280E+00,     7.305539E+00,     7.290145E+00,     7.275526E+00,     7.261648E+00,     7.248444E+00,     7.235847E+00,     7.223786E+00,
  4.500000E+00,     9.999997E-01,     6.862760E+00,     7.332837E+00,     7.321191E+00,     7.305507E+00,     7.290121E+00,     7.275504E+00,     7.261628E+00,     7.248425E+00,     7.235829E+00,     7.223768E+00,
  5.000000E+00,     9.999997E-01,     6.422244E+00,     7.332238E+00,     7.321090E+00,     7.305471E+00,     7.290094E+00,     7.275479E+00,     7.261605E+00,     7.248403E+00,     7.235808E+00,     7.223748E+00,
  5.500000E+00,     9.999997E-01,     5.680037E+00,     7.331473E+00,     7.320976E+00,     7.305431E+00,     7.290064E+00,     7.275452E+00,     7.261580E+00,     7.248380E+00,     7.235786E+00,     7.223726E+00,
  6.000000E+00,     9.999997E-01,     4.626480E+00,     7.330425E+00,     7.320848E+00,     7.305387E+00,     7.290032E+00,     7.275423E+00,     7.261552E+00,     7.248354E+00,     7.235761E+00,     7.223702E+00,
  6.500000E+00,     9.999997E-01,     3.453354E+00,     7.328857E+00,     7.320705E+00,     7.305339E+00,     7.289997E+00,     7.275391E+00,     7.261523E+00,     7.248326E+00,     7.235734E+00,     7.223677E+00,
  7.000000E+00,     9.999997E-01,     2.466419E+00,     7.326277E+00,     7.320547E+00,     7.305286E+00,     7.289959E+00,     7.275357E+00,     7.261491E+00,     7.248296E+00,     7.235705E+00,     7.223650E+00,
  7.500000E+00,     9.999997E-01,     1.820482E+00,     7.321672E+00,     7.320372E+00,     7.305229E+00,     7.289919E+00,     7.275320E+00,     7.261456E+00,     7.248263E+00,     7.235674E+00,     7.223620E+00,
  8.000000E+00,     9.999997E-01,     1.460220E+00,     7.312947E+00,     7.320179E+00,     7.305168E+00,     7.289876E+00,     7.275282E+00,     7.261420E+00,     7.248229E+00,     7.235641E+00,     7.223590E+00,
  8.500000E+00,     9.999997E-01,     1.269259E+00,     7.295794E+00,     7.319965E+00,     7.305102E+00,     7.289830E+00,     7.275240E+00,     7.261381E+00,     7.248192E+00,     7.235606E+00,     7.223558E+00,
  9.000000E+00,     9.999997E-01,     1.165723E+00,     7.261418E+00,     7.319727E+00,     7.305031E+00,     7.289782E+00,     7.275197E+00,     7.261340E+00,     7.248154E+00,     7.235569E+00,     7.223524E+00,
  9.500000E+00,     9.999997E-01,     1.106680E+00,     7.192182E+00,     7.319461E+00,     7.304954E+00,     7.289731E+00,     7.275151E+00,     7.261297E+00,     7.248113E+00,     7.235530E+00,     7.223490E+00,
  1.000000E+01,     9.999997E-01,     1.071192E+00,     7.054027E+00,     7.319157E+00,     7.304872E+00,     7.289677E+00,     7.275102E+00,     7.261252E+00,     7.248070E+00,     7.235489E+00,     7.223455E+00,
  1.050000E+01,     9.999997E-01,     1.048869E+00,     6.786198E+00,     7.318798E+00,     7.304785E+00,     7.289621E+00,     7.275052E+00,     7.261205E+00,     7.248026E+00,     7.235446E+00,     7.223419E+00,
  1.100000E+01,     9.999997E-01,     1.034297E+00,     6.297396E+00,     7.318349E+00,     7.304692E+00,     7.289561E+00,     7.274999E+00,     7.261155E+00,     7.247979E+00,     7.235400E+00,     7.223382E+00,
  1.150000E+01,     9.999997E-01,     1.024498E+00,     5.498697E+00,     7.317744E+00,     7.304592E+00,     7.289499E+00,     7.274944E+00,     7.261103E+00,     7.247930E+00,     7.235353E+00,     7.223346E+00,
  1.200000E+01,     9.999997E-01,     1.017751E+00,     4.409005E+00,     7.316841E+00,     7.304485E+00,     7.289435E+00,     7.274887E+00,     7.261050E+00,     7.247879E+00,     7.235304E+00,     7.223311E+00,
  1.250000E+01,     9.999997E-01,     1.013014E+00,     3.251946E+00,     7.315359E+00,     7.304371E+00,     7.289367E+00,     7.274827E+00,     7.260994E+00,     7.247826E+00,     7.235253E+00,     7.223276E+00,
  1.300000E+01,     9.999997E-01,     1.009636E+00,     2.323066E+00,     7.312713E+00,     7.304250E+00,     7.289297E+00,     7.274765E+00,     7.260936E+00,     7.247771E+00,     7.235200E+00,     7.223244E+00,
  1.350000E+01,     9.999997E-01,     1.007195E+00,     1.736055E+00,     7.307704E+00,     7.304119E+00,     7.289223E+00,     7.274701E+00,     7.260876E+00,     7.247714E+00,     7.235144E+00,     7.223215E+00,
  1.400000E+01,     9.999997E-01,     1.005411E+00,     1.413985E+00,     7.297866E+00,     7.303979E+00,     7.289147E+00,     7.274635E+00,     7.260813E+00,     7.247655E+00,     7.235087E+00,     7.223189E+00,
  1.450000E+01,     9.999997E-01,     1.004094E+00,     1.243441E+00,     7.278141E+00,     7.303827E+00,     7.289067E+00,     7.274566E+00,     7.260749E+00,     7.247593E+00,     7.235028E+00,     7.223169E+00,
  1.500000E+01,     9.999997E-01,     1.003115E+00,     1.150438E+00,     7.238250E+00,     7.303660E+00,     7.288984E+00,     7.274496E+00,     7.260683E+00,     7.247530E+00,     7.234967E+00,     7.223157E+00,
  1.550000E+01,     9.999997E-01,     1.002381E+00,     1.097051E+00,     7.157726E+00,     7.303474E+00,     7.288898E+00,     7.274422E+00,     7.260614E+00,     7.247465E+00,     7.234903E+00,     7.223154E+00,
  1.600000E+01,     9.999997E-01,     1.001828E+00,     1.064803E+00,     6.997578E+00,     7.303257E+00,     7.288808E+00,     7.274347E+00,     7.260543E+00,     7.247398E+00,     7.234838E+00,     7.223164E+00,
  1.650000E+01,     9.999997E-01,     1.001408E+00,     1.044456E+00,     6.690137E+00,     7.302991E+00,     7.288714E+00,     7.274269E+00,     7.260471E+00,     7.247328E+00,     7.234771E+00,     7.223190E+00,
  1.700000E+01,     9.999997E-01,     1.001088E+00,     1.031158E+00,     6.139829E+00,     7.302635E+00,     7.288617E+00,     7.274189E+00,     7.260396E+00,     7.247257E+00,     7.234702E+00,     7.223236E+00,
  1.750000E+01,     9.999997E-01,     1.000843E+00,     1.022217E+00,     5.270222E+00,     7.302108E+00,     7.288516E+00,     7.274106E+00,     7.260319E+00,     7.247184E+00,     7.234631E+00,     7.223309E+00,
  1.800000E+01,     9.999997E-01,     1.000654E+00,     1.016068E+00,     4.141840E+00,     7.301244E+00,     7.288410E+00,     7.274021E+00,     7.260240E+00,     7.247108E+00,     7.234559E+00,     7.223415E+00,
  1.850000E+01,     9.999997E-01,     1.000509E+00,     1.011758E+00,     3.015275E+00,     7.299704E+00,     7.288299E+00,     7.273934E+00,     7.260158E+00,     7.247031E+00,     7.234484E+00,     7.223563E+00,
  1.900000E+01,     9.999997E-01,     1.000396E+00,     1.008691E+00,     2.162513E+00,     7.296790E+00,     7.288184E+00,     7.273844E+00,     7.260075E+00,     7.246951E+00,     7.234408E+00,     7.223764E+00,
  1.950000E+01,     9.999997E-01,     1.000309E+00,     1.006480E+00,     1.645169E+00,     7.291068E+00,     7.288063E+00,     7.273751E+00,     7.259989E+00,     7.246869E+00,     7.234330E+00,     7.224033E+00,
  2.000000E+01,     9.999997E-01,     1.000241E+00,     1.004869E+00,     1.365791E+00,     7.279590E+00,     7.287935E+00,     7.273656E+00,     7.259901E+00,     7.246785E+00,     7.234250E+00,     7.224386E+00,
  2.050000E+01,     9.999997E-01,     1.000188E+00,     1.003682E+00,     1.217444E+00,     7.256324E+00,     7.287800E+00,     7.273558E+00,     7.259811E+00,     7.246699E+00,     7.234169E+00,     7.224846E+00,
  2.100000E+01,     9.999997E-01,     1.000146E+00,     1.002802E+00,     1.135692E+00,     7.209066E+00,     7.287653E+00,     7.273457E+00,     7.259718E+00,     7.246611E+00,     7.234086E+00,     7.225438E+00,
  2.150000E+01,     9.999997E-01,     1.000114E+00,     1.002144E+00,     1.088220E+00,     7.113725E+00,     7.287488E+00,     7.273354E+00,     7.259624E+00,     7.246521E+00,     7.234002E+00,     7.226195E+00,
  2.200000E+01,     9.999997E-01,     1.000088E+00,     1.001648E+00,     1.059254E+00,     6.925204E+00,     7.287295E+00,     7.273248E+00,     7.259527E+00,     7.246428E+00,     7.233918E+00,     7.227155E+00,
  2.250000E+01,     9.999997E-01,     1.000068E+00,     1.001273E+00,     1.040830E+00,     6.568087E+00,     7.287049E+00,     7.273139E+00,     7.259428E+00,     7.246333E+00,     7.233832E+00,     7.228364E+00,
  2.300000E+01,     9.999997E-01,     1.000052E+00,     1.000987E+00,     1.028713E+00,     5.944657E+00,     7.286701E+00,     7.273027E+00,     7.259326E+00,     7.246236E+00,     7.233746E+00,     7.229876E+00,
  2.350000E+01,     9.999997E-01,     1.000040E+00,     1.000768E+00,     1.020525E+00,     4.999772E+00,     7.286154E+00,     7.272911E+00,     7.259222E+00,     7.246137E+00,     7.233660E+00,     7.231754E+00,
  2.400000E+01,     9.999997E-01,     1.000031E+00,     1.000599E+00,     1.014872E+00,     3.845055E+00,     7.285205E+00,     7.272793E+00,     7.259116E+00,     7.246036E+00,     7.233574E+00,     7.234067E+00,
  2.450000E+01,     9.999997E-01,     1.000023E+00,     1.000469E+00,     1.010898E+00,     2.769625E+00,     7.283440E+00,     7.272671E+00,     7.259007E+00,     7.245932E+00,     7.233490E+00,     7.236894E+00,
  2.500000E+01,     9.999997E-01,     1.000017E+00,     1.000369E+00,     1.008064E+00,     2.004550E+00,     7.280006E+00,     7.272545E+00,     7.258896E+00,     7.245826E+00,     7.233407E+00,     7.240320E+00,
  2.550000E+01,     9.999997E-01,     1.000012E+00,     1.000290E+00,     1.006017E+00,     1.558129E+00,     7.273152E+00,     7.272415E+00,     7.258783E+00,     7.245718E+00,     7.233327E+00,     7.244433E+00,
  2.600000E+01,     9.999997E-01,     1.000009E+00,     1.000229E+00,     1.004522E+00,     1.319821E+00,     7.259282E+00,     7.272279E+00,     7.258667E+00,     7.245607E+00,     7.233250E+00,     7.249323E+00,
  2.650000E+01,     9.999997E-01,     1.000006E+00,     1.000181E+00,     1.003421E+00,     1.192487E+00,     7.231062E+00,     7.272137E+00,     7.258549E+00,     7.245495E+00,     7.233178E+00,     7.255076E+00,
  2.700000E+01,     9.999997E-01,     1.000004E+00,     1.000143E+00,     1.002603E+00,     1.121425E+00,     7.173734E+00,     7.271984E+00,     7.258428E+00,     7.245380E+00,     7.233113E+00,     7.261770E+00,
  2.750000E+01,     9.999997E-01,     1.000002E+00,     1.000113E+00,     1.001992E+00,     1.079628E+00,     7.058503E+00,     7.271813E+00,     7.258304E+00,     7.245262E+00,     7.233057E+00,     7.269469E+00,
  2.800000E+01,     9.999997E-01,     1.000001E+00,     1.000090E+00,     1.001531E+00,     1.053844E+00,     6.832739E+00,     7.271609E+00,     7.258178E+00,     7.245143E+00,     7.233011E+00,     7.278214E+00,
  2.850000E+01,     9.999997E-01,     9.999999E-01,     1.000071E+00,     1.001181E+00,     1.037299E+00,     6.412789E+00,     7.271344E+00,     7.258050E+00,     7.245021E+00,     7.232980E+00,     7.288020E+00,
  2.900000E+01,     9.999997E-01,     9.999991E-01,     1.000056E+00,     1.000916E+00,     1.026340E+00,     5.703168E+00,     7.270957E+00,     7.257918E+00,     7.244896E+00,     7.232967E+00,     7.298868E+00,
  2.950000E+01,     9.999997E-01,     9.999985E-01,     1.000044E+00,     1.000712E+00,     1.018893E+00,     4.682442E+00,     7.270324E+00,     7.257784E+00,     7.244770E+00,     7.232977E+00,     7.310700E+00,
  3.000000E+01,     9.999997E-01,     9.999981E-01,     1.000035E+00,     1.000555E+00,     1.013727E+00,     3.520961E+00,     7.269195E+00,     7.257647E+00,     7.244641E+00,     7.233016E+00,     7.323418E+00,
  3.050000E+01,     9.999997E-01,     9.999977E-01,     1.000028E+00,     1.000435E+00,     1.010083E+00,     2.519960E+00,     7.267049E+00,     7.257507E+00,     7.244510E+00,     7.233092E+00,     7.336884E+00,
  3.100000E+01,     9.999997E-01,     9.999975E-01,     1.000022E+00,     1.000341E+00,     1.007476E+00,     1.852005E+00,     7.262823E+00,     7.257363E+00,     7.244377E+00,     7.233214E+00,     7.350922E+00,
  3.150000E+01,     9.999997E-01,     9.999973E-01,     1.000017E+00,     1.000268E+00,     1.005588E+00,     1.475764E+00,     7.254329E+00,     7.257216E+00,     7.244241E+00,     7.233395E+00,     7.365328E+00,
  3.200000E+01,     9.999997E-01,     9.999972E-01,     1.000013E+00,     1.000211E+00,     1.004206E+00,     1.276192E+00,     7.237085E+00,     7.257063E+00,     7.244104E+00,     7.233651E+00,     7.379875E+00,
  3.250000E+01,     9.999997E-01,     9.999971E-01,     1.000010E+00,     1.000167E+00,     1.003187E+00,     1.168502E+00,     7.201983E+00,     7.256903E+00,     7.243965E+00,     7.234003E+00,     7.394328E+00,
  3.300000E+01,     9.999997E-01,     9.999971E-01,     1.000007E+00,     1.000132E+00,     1.002428E+00,     1.107521E+00,     7.130842E+00,     7.256731E+00,     7.243824E+00,     7.234475E+00,     7.408456E+00,
  3.350000E+01,     9.999997E-01,     9.999970E-01,     1.000005E+00,     1.000104E+00,     1.001859E+00,     1.071153E+00,     6.988744E+00,     7.256539E+00,     7.243681E+00,     7.235101E+00,     7.422043E+00,
  3.400000E+01,     9.999997E-01,     9.999970E-01,     1.000004E+00,     1.000082E+00,     1.001430E+00,     1.048456E+00,     6.713929E+00,     7.256307E+00,     7.243537E+00,     7.235924E+00,     7.434902E+00,
  3.450000E+01,     9.999997E-01,     9.999970E-01,     1.000002E+00,     1.000065E+00,     1.001105E+00,     1.033754E+00,     6.215068E+00,     7.255998E+00,     7.243391E+00,     7.236996E+00,     7.446884E+00,
  3.500000E+01,     9.999997E-01,     9.999971E-01,     1.000001E+00,     1.000052E+00,     1.000857E+00,     1.023943E+00,     5.406983E+00,     7.255535E+00,     7.243245E+00,     7.238385E+00,     7.457881E+00,
  3.550000E+01,     9.999997E-01,     9.999971E-01,     1.000000E+00,     1.000041E+00,     1.000667E+00,     1.017237E+00,     4.317860E+00,     7.254762E+00,     7.243098E+00,     7.240174E+00,     7.467829E+00,
  3.600000E+01,     9.999997E-01,     9.999972E-01,     9.999998E-01,     1.000032E+00,     1.000521E+00,     1.012563E+00,     3.177919E+00,     7.253354E+00,     7.242950E+00,     7.242466E+00,     7.476708E+00,
  3.650000E+01,     9.999997E-01,     9.999972E-01,     9.999993E-01,     1.000025E+00,     1.000408E+00,     1.009252E+00,     2.274895E+00,     7.250649E+00,     7.242803E+00,     7.245383E+00,     7.484535E+00,
  3.700000E+01,     9.999997E-01,     9.999973E-01,     9.999989E-01,     1.000020E+00,     1.000320E+00,     1.006875E+00,     1.709235E+00,     7.245285E+00,     7.242656E+00,     7.249071E+00,     7.491363E+00,
  3.750000E+01,     9.999997E-01,     9.999973E-01,     9.999986E-01,     1.000015E+00,     1.000252E+00,     1.005149E+00,     1.399743E+00,     7.234468E+00,     7.242510E+00,     7.253694E+00,     7.497266E+00,
  3.800000E+01,     9.999997E-01,     9.999974E-01,     9.999983E-01,     1.000012E+00,     1.000199E+00,     1.003883E+00,     1.235617E+00,     7.212490E+00,     7.242363E+00,     7.259432E+00,     7.502335E+00,
  3.850000E+01,     9.999997E-01,     9.999975E-01,     9.999981E-01,     1.000009E+00,     1.000157E+00,     1.002946E+00,     1.145855E+00,     7.167808E+00,     7.242216E+00,     7.266472E+00,     7.506669E+00,
  3.900000E+01,     9.999997E-01,     9.999975E-01,     9.999980E-01,     1.000007E+00,     1.000124E+00,     1.002248E+00,     1.094190E+00,     7.077627E+00,     7.242062E+00,     7.274992E+00,     7.510370E+00,
  3.950000E+01,     9.999997E-01,     9.999976E-01,     9.999979E-01,     1.000005E+00,     1.000098E+00,     1.001724E+00,     1.062919E+00,     6.899124E+00,     7.241893E+00,     7.285145E+00,     7.513533E+00,
  4.000000E+01,     9.999997E-01,     9.999977E-01,     9.999978E-01,     1.000004E+00,     1.000078E+00,     1.001328E+00,     1.043163E+00,     6.559993E+00,     7.241686E+00,     7.297033E+00,     7.516248E+00,
  4.050000E+01,     9.999997E-01,     9.999977E-01,     9.999978E-01,     1.000002E+00,     1.000062E+00,     1.001027E+00,     1.030242E+00,     5.964076E+00,     7.241396E+00,     7.310682E+00,     7.518594E+00,
  4.100000E+01,     9.999997E-01,     9.999978E-01,     9.999978E-01,     1.000001E+00,     1.000049E+00,     1.000797E+00,     1.021551E+00,     5.049938E+00,     7.240924E+00,     7.326019E+00,     7.520635E+00,
  4.150000E+01,     9.999997E-01,     9.999979E-01,     9.999978E-01,     1.000001E+00,     1.000039E+00,     1.000621E+00,     1.015573E+00,     3.912285E+00,     7.240069E+00,     7.342849E+00,     7.522428E+00,
  4.200000E+01,     9.999997E-01,     9.999980E-01,     9.999978E-01,     1.000000E+00,     1.000031E+00,     1.000486E+00,     1.011385E+00,     2.829659E+00,     7.238413E+00,     7.360853E+00,     7.524015E+00,
  4.250000E+01,     9.999997E-01,     9.999980E-01,     9.999978E-01,     9.999998E-01,     1.000025E+00,     1.000381E+00,     1.008405E+00,     2.044285E+00,     7.235092E+00,     7.379599E+00,     7.525428E+00,
  4.300000E+01,     9.999997E-01,     9.999981E-01,     9.999979E-01,     9.999995E-01,     1.000020E+00,     1.000299E+00,     1.006258E+00,     1.580207E+00,     7.228332E+00,     7.398566E+00,     7.526692E+00,
  4.350000E+01,     9.999997E-01,     9.999982E-01,     9.999980E-01,     9.999993E-01,     1.000015E+00,     1.000236E+00,     1.004693E+00,     1.331391E+00,     7.214483E+00,     7.417192E+00,     7.527822E+00,
  4.400000E+01,     9.999997E-01,     9.999983E-01,     9.999981E-01,     9.999992E-01,     1.000012E+00,     1.000186E+00,     1.003542E+00,     1.198595E+00,     7.186102E+00,     7.434924E+00,     7.528830E+00,
  4.450000E+01,     9.999997E-01,     9.999984E-01,     9.999982E-01,     9.999991E-01,     1.000010E+00,     1.000147E+00,     1.002687E+00,     1.124728E+00,     7.128213E+00,     7.451274E+00,     7.529721E+00,
  4.500000E+01,     9.999997E-01,     9.999984E-01,     9.999983E-01,     9.999990E-01,     1.000008E+00,     1.000116E+00,     1.002048E+00,     1.081431E+00,     7.011616E+00,     7.465853E+00,     7.530494E+00,
  4.550000E+01,     9.999997E-01,     9.999985E-01,     9.999984E-01,     9.999990E-01,     1.000006E+00,     1.000092E+00,     1.001566E+00,     1.054794E+00,     6.782995E+00,     7.478372E+00,     7.531129E+00,
  4.600000E+01,     9.999997E-01,     9.999986E-01,     9.999985E-01,     9.999990E-01,     1.000005E+00,     1.000073E+00,     1.001200E+00,     1.037724E+00,     6.357885E+00,     7.488584E+00,     7.531539E+00,
  4.650000E+01,     9.999997E-01,     9.999987E-01,     9.999987E-01,     9.999991E-01,     1.000004E+00,     1.000057E+00,     1.000919E+00,     1.026409E+00,     5.640839E+00,     7.496048E+00,     7.531397E+00,
  4.700000E+01,     9.999997E-01,     9.999989E-01,     9.999988E-01,     9.999991E-01,     1.000003E+00,     1.000045E+00,     1.000703E+00,     1.018691E+00,     4.613327E+00,     7.499378E+00,     7.529488E+00,
  4.750000E+01,     9.999997E-01,     9.999990E-01,     9.999989E-01,     9.999992E-01,     1.000002E+00,     1.000035E+00,     1.000533E+00,     1.013285E+00,     3.450858E+00,     7.493571E+00,     7.521232E+00,
  4.800000E+01,     9.999997E-01,     9.999991E-01,     9.999991E-01,     9.999993E-01,     1.000001E+00,     1.000027E+00,     1.000399E+00,     1.009392E+00,     2.454724E+00,     7.459650E+00,     7.488629E+00,
  4.850000E+01,     9.999997E-01,     9.999993E-01,     9.999993E-01,     9.999994E-01,     1.000001E+00,     1.000019E+00,     1.000288E+00,     1.006489E+00,     1.789182E+00,     7.321797E+00,     7.357327E+00,
  4.900000E+01,     9.999997E-01,     9.999994E-01,     9.999994E-01,     9.999995E-01,     1.000001E+00,     1.000013E+00,     1.000194E+00,     1.004206E+00,     1.403249E+00,     6.772767E+00,     6.818064E+00,
  4.950000E+01,     9.999997E-01,     9.999996E-01,     9.999996E-01,     9.999997E-01,     1.000000E+00,     1.000007E+00,     1.000107E+00,     1.002238E+00,     1.172328E+00,     4.822298E+00,     4.859880E+00,
