alpha(x) =  0.500  beta(v) =  0.700  delta (t) = 0.050Free stream: density =  1.000  velocity = -2.000  temperature =  1.000  Execution time =    21.40 s
vxmax=   7.00  vxmin=  -7.00  vymax=   7.00  vymin=  -7.00  vzmax=   7.00  vzmin=  -7.00
x, t=      0.0, t=      5.0, t=     10.0, t=     15.0, t=     20.0, t=     25.0, t=     30.0, t=     35.0, t=     40.0, t=     45.0, t=     50.0,
  0.000000E+00,     2.111150E-06,    -1.228848E-03,     1.520222E-04,     1.582784E-04,     8.642507E-05,     2.919248E-05,    -1.060348E-05,    -3.792396E-05,    -5.679495E-05,    -6.988676E-05,    -7.884861E-05,
  5.000000E-01,     2.111150E-06,    -3.913733E-03,     2.086316E-03,     1.849648E-03,     1.369076E-03,     1.000798E-03,     7.378871E-04,     5.492580E-04,     4.113739E-04,     3.085838E-04,     2.306668E-04,
  1.000000E+00,     2.111150E-06,    -3.760294E-03,     4.110564E-03,     3.517312E-03,     2.628018E-03,     1.956556E-03,     1.476624E-03,     1.130770E-03,     8.765598E-04,     6.858568E-04,     5.401913E-04,
  1.500000E+00,     2.111150E-06,     5.810757E-04,     6.220418E-03,     5.108264E-03,     3.819638E-03,     2.863778E-03,     2.180911E-03,     1.687468E-03,     1.323515E-03,     1.049478E-03,     8.393242E-04,
  2.000000E+00,     2.111150E-06,     9.424572E-03,     8.370696E-03,     6.578496E-03,     4.911166E-03,     3.698895E-03,     2.833575E-03,     2.206548E-03,     1.742457E-03,     1.391804E-03,     1.121968E-03,
  2.500000E+00,     2.111150E-06,     2.287268E-02,     1.046427E-02,     7.885250E-03,     5.874557E-03,     4.442232E-03,     3.420376E-03,     2.677433E-03,     2.125351E-03,     1.706608E-03,     1.383204E-03,
  3.000000E+00,     2.111150E-06,     4.245915E-02,     1.236510E-02,     8.987333E-03,     6.686029E-03,     5.077432E-03,     3.929407E-03,     3.091194E-03,     2.465349E-03,     1.988538E-03,     1.618783E-03,
  3.500000E+00,     2.111150E-06,     7.368169E-02,     1.392446E-02,     9.847785E-03,     7.326698E-03,     5.591698E-03,     4.351199E-03,     3.440574E-03,     2.756779E-03,     2.233091E-03,     1.825076E-03,
  4.000000E+00,     2.111150E-06,     1.299152E-01,     1.501167E-02,     1.043734E-02,     7.783351E-03,     5.976115E-03,     4.678905E-03,     3.720117E-03,     2.995228E-03,     2.436668E-03,     1.999120E-03,
  4.500000E+00,     2.111150E-06,     2.383456E-01,     1.554140E-02,     1.073778E-02,     8.049105E-03,     6.225868E-03,     4.908425E-03,     3.926251E-03,     3.177611E-03,     2.596622E-03,     2.138652E-03,
  5.000000E+00,     2.111150E-06,     4.459856E-01,     1.549258E-02,     1.074447E-02,     8.123795E-03,     6.340327E-03,     5.038446E-03,     4.057329E-03,     3.302206E-03,     2.711300E-03,     2.242143E-03,
  5.500000E+00,     2.111150E-06,     8.109978E-01,     1.491778E-02,     1.046758E-02,     8.014013E-03,     6.322944E-03,     5.070374E-03,     4.113595E-03,     3.368646E-03,     2.780038E-03,     2.308803E-03,
  6.000000E+00,     2.111150E-06,     1.334804E+00,     1.394774E-02,     9.931685E-03,     7.732747E-03,     6.180992E-03,     5.008177E-03,     4.097097E-03,     3.377872E-03,     2.803142E-03,     2.338573E-03,
  6.500000E+00,     2.111150E-06,     1.813223E+00,     1.280139E-02,     9.173858E-03,     7.298626E-03,     5.925130E-03,     4.858127E-03,     4.011536E-03,     3.332043E-03,     2.781837E-03,     2.332094E-03,
  7.000000E+00,     2.111150E-06,     1.880739E+00,     1.182081E-02,     8.240490E-03,     6.734828E-03,     5.568838E-03,     4.628469E-03,     3.862070E-03,     3.234421E-03,     2.718188E-03,     2.290660E-03,
  7.500000E+00,     2.111150E-06,     1.512210E+00,     1.156581E-02,     7.183368E-03,     6.067715E-03,     5.127732E-03,     4.329037E-03,     3.655073E-03,     3.089213E-03,     2.615010E-03,     2.216155E-03,
  8.000000E+00,     2.111150E-06,     1.048119E+00,     1.303469E-02,     6.055565E-03,     5.325333E-03,     4.618826E-03,     3.970814E-03,     3.397871E-03,     2.901409E-03,     2.475752E-03,     2.110978E-03,
  8.500000E+00,     2.111150E-06,     6.921808E-01,     1.814347E-02,     4.907672E-03,     4.535897E-03,     4.059763E-03,     3.565491E-03,     3.098461E-03,     2.676591E-03,     2.304374E-03,     1.977960E-03,
  9.000000E+00,     2.111150E-06,     4.580344E-01,     3.072791E-02,     3.784866E-03,     3.726378E-03,     3.468071E-03,     3.125018E-03,     2.765219E-03,     2.420748E-03,     2.105219E-03,     1.820268E-03,
  9.500000E+00,     2.111150E-06,     3.088022E-01,     5.856842E-02,     2.725140E-03,     2.921301E-03,     2.860488E-03,     2.661181E-03,     2.406630E-03,     2.140080E-03,     1.882878E-03,     1.641313E-03,
  1.000000E+01,     2.111150E-06,     2.126893E-01,     1.172356E-01,     1.759015E-03,     2.141828E-03,     2.252384E-03,     2.185228E-03,     2.031022E-03,     1.840820E-03,     1.642059E-03,     1.444653E-03,
  1.050000E+01,     2.111150E-06,     1.494023E-01,     2.363171E-01,     9.111153E-04,     1.405160E-03,     1.657306E-03,     1.707542E-03,     1.646336E-03,     1.529063E-03,     1.387466E-03,     1.233901E-03,
  1.100000E+01,     2.111150E-06,     1.067514E-01,     4.649134E-01,     2.043551E-04,     7.242734E-04,     1.086670E-03,     1.237390E-03,     1.259934E-03,     1.210618E-03,     1.123680E-03,     1.012635E-03,
  1.150000E+01,     2.111150E-06,     7.739551E-02,     8.577340E-01,    -3.315666E-04,     1.079507E-04,     5.495827E-04,     7.827404E-04,     8.784373E-04,     8.908805E-04,     8.550657E-04,     7.843178E-04,
  1.200000E+01,     2.111150E-06,     5.681728E-02,     1.393030E+00,    -6.436448E-04,    -4.389331E-04,     5.280823E-05,     3.501517E-04,     5.076136E-04,     5.747327E-04,     5.856809E-04,     5.522226E-04,
  1.250000E+01,     2.111150E-06,     4.216365E-02,     1.825410E+00,    -6.229958E-04,    -9.149318E-04,    -3.991508E-04,    -5.526182E-05,     1.523090E-04,     2.664661E-04,     3.192102E-04,     3.193736E-04,
  1.300000E+01,     2.111150E-06,     3.158673E-02,     1.809413E+00,    -3.925646E-05,    -1.321424E-03,    -8.038753E-04,    -4.298054E-04,    -1.835844E-04,    -3.026477E-05,     5.891377E-05,     8.849115E-05,
  1.350000E+01,     2.111150E-06,     2.386214E-02,     1.406408E+00,     1.593659E-03,    -1.661942E-03,    -1.160779E-03,    -7.711240E-04,    -4.971204E-04,    -3.124654E-04,    -1.924057E-04,    -1.380486E-04,
  1.400000E+01,     2.111150E-06,     1.816218E-02,     9.594819E-01,     5.294675E-03,    -1.941470E-03,    -1.470812E-03,    -1.078079E-03,    -7.862590E-04,    -5.778002E-04,    -4.324200E-04,    -3.582453E-04,
  1.450000E+01,     2.111150E-06,     1.391756E-02,     6.303632E-01,     1.318849E-02,    -2.165734E-03,    -1.736144E-03,    -1.350597E-03,    -1.049799E-03,    -8.245708E-04,    -6.592762E-04,    -5.704971E-04,
  1.500000E+01,     2.111150E-06,     1.073069E-02,     4.164294E-01,     2.968020E-02,    -2.340444E-03,    -1.959849E-03,    -1.589495E-03,    -1.287293E-03,    -1.051678E-03,    -8.715847E-04,    -7.736143E-04,
  1.550000E+01,     2.111150E-06,     8.320191E-03,     2.803578E-01,     6.379854E-02,    -2.470375E-03,    -2.145608E-03,    -1.796305E-03,    -1.498946E-03,    -1.258566E-03,    -1.068394E-03,    -9.668284E-04,
  1.600000E+01,     2.111150E-06,     6.484573E-03,     1.926760E-01,     1.335434E-01,    -2.558039E-03,    -2.297443E-03,    -1.973093E-03,    -1.685506E-03,    -1.445167E-03,    -1.249160E-03,    -1.149796E-03,
  1.650000E+01,     2.111150E-06,     5.078005E-03,     1.349135E-01,     2.724706E-01,    -2.601390E-03,    -2.419490E-03,    -2.122299E-03,    -1.848157E-03,    -1.611824E-03,    -1.413700E-03,    -1.322602E-03,
  1.700000E+01,     2.111150E-06,     3.993950E-03,     9.599979E-02,     5.334138E-01,    -2.589444E-03,    -2.515819E-03,    -2.246583E-03,    -1.988412E-03,    -1.759225E-03,    -1.562154E-03,    -1.485763E-03,
  1.750000E+01,     2.111150E-06,     3.153918E-03,     6.925239E-02,     9.646660E-01,    -2.493503E-03,    -2.590293E-03,    -2.348698E-03,    -2.108011E-03,    -1.888331E-03,    -1.694931E-03,    -1.640230E-03,
  1.800000E+01,     2.111150E-06,     2.499647E-03,     5.054574E-02,     1.506806E+00,    -2.249216E-03,    -2.646466E-03,    -2.431382E-03,    -2.208832E-03,    -2.000309E-03,    -1.812663E-03,    -1.787403E-03,
  1.850000E+01,     2.111150E-06,     1.987599E-03,     3.726678E-02,     1.862210E+00,    -1.719587E-03,    -2.687516E-03,    -2.497273E-03,    -2.292815E-03,    -2.096463E-03,    -1.916159E-03,    -1.929145E-03,
  1.900000E+01,     2.111150E-06,     1.585042E-03,     2.771959E-02,     1.736741E+00,    -6.184087E-04,    -2.716198E-03,    -2.548849E-03,    -2.361891E-03,    -2.178185E-03,    -2.006357E-03,    -2.067800E-03,
  1.950000E+01,     2.111150E-06,     1.267225E-03,     2.077912E-02,     1.298170E+00,     1.648632E-03,    -2.734806E-03,    -2.588385E-03,    -2.417935E-03,    -2.246901E-03,    -2.084283E-03,    -2.206223E-03,
  2.000000E+01,     2.111150E-06,     1.015324E-03,     1.568467E-02,     8.729176E-01,     6.313823E-03,    -2.745109E-03,    -2.617924E-03,    -2.462723E-03,    -2.304029E-03,    -2.151019E-03,    -2.347802E-03,
  2.050000E+01,     2.111150E-06,     8.149421E-04,     1.191319E-02,     5.728218E-01,     1.592984E-02,    -2.748239E-03,    -2.639275E-03,    -2.497903E-03,    -2.350946E-03,    -2.207663E-03,    -2.496486E-03,
  2.100000E+01,     2.111150E-06,     6.550143E-04,     9.099822E-03,     3.797346E-01,     3.576304E-02,    -2.744416E-03,    -2.654003E-03,    -2.524976E-03,    -2.388963E-03,    -2.255310E-03,    -2.656792E-03,
  2.150000E+01,     2.111150E-06,     5.269900E-04,     6.986783E-03,     2.567775E-01,     7.653856E-02,    -2.732391E-03,    -2.663450E-03,    -2.545292E-03,    -2.419303E-03,    -2.295024E-03,    -2.833790E-03,
  2.200000E+01,     2.111150E-06,     4.242339E-04,     5.389896E-03,     1.771909E-01,     1.593716E-01,    -2.708237E-03,    -2.668742E-03,    -2.560038E-03,    -2.443091E-03,    -2.327827E-03,    -3.033058E-03,
  2.250000E+01,     2.111150E-06,     3.415745E-04,     4.176258E-03,     1.245023E-01,     3.225037E-01,    -2.662858E-03,    -2.670811E-03,    -2.570253E-03,    -2.461346E-03,    -2.354686E-03,    -3.260576E-03,
  2.300000E+01,     2.111150E-06,     2.749639E-04,     3.249107E-03,     8.884703E-02,     6.217035E-01,    -2.576839E-03,    -2.670418E-03,    -2.576825E-03,    -2.474977E-03,    -2.376502E-03,    -3.522549E-03,
  2.350000E+01,     2.111150E-06,     2.212186E-04,     2.537429E-03,     6.424464E-02,     1.092063E+00,    -2.409836E-03,    -2.668167E-03,    -2.580510E-03,    -2.484786E-03,    -2.394111E-03,    -3.825145E-03,
  2.400000E+01,     2.111150E-06,     1.778218E-04,     1.988727E-03,     4.698224E-02,     1.622632E+00,    -2.078682E-03,    -2.664527E-03,    -2.581940E-03,    -2.491473E-03,    -2.408286E-03,    -4.174128E-03,
  2.450000E+01,     2.111150E-06,     1.427729E-04,     1.563933E-03,     3.469510E-02,     1.871954E+00,    -1.412178E-03,    -2.659836E-03,    -2.581638E-03,    -2.495637E-03,    -2.419734E-03,    -4.574381E-03,
  2.500000E+01,     2.111150E-06,     1.144735E-04,     1.233799E-03,     2.584081E-02,     1.637363E+00,    -5.746356E-05,    -2.654299E-03,    -2.580030E-03,    -2.497793E-03,    -2.429106E-03,    -5.029328E-03,
  2.550000E+01,     2.111150E-06,     9.164016E-05,     9.763049E-04,     1.939167E-02,     1.180200E+00,     2.714166E-03,    -2.647963E-03,    -2.577461E-03,    -2.498369E-03,    -2.437008E-03,    -5.540271E-03,
  2.600000E+01,     2.111150E-06,     7.323879E-05,     7.747843E-04,     1.465017E-02,     7.846145E-01,     8.409934E-03,    -2.640632E-03,    -2.574204E-03,    -2.497727E-03,    -2.444008E-03,    -6.105682E-03,
  2.650000E+01,     2.111150E-06,     5.843340E-05,     6.165644E-04,     1.113516E-02,     5.152032E-01,     2.014604E-02,    -2.631702E-03,    -2.570475E-03,    -2.496159E-03,    -2.450650E-03,    -6.720526E-03,
  2.700000E+01,     2.111150E-06,     4.654632E-05,     4.919645E-04,     8.510070E-03,     3.430671E-01,     4.433070E-02,    -2.619794E-03,    -2.566439E-03,    -2.493907E-03,    -2.457473E-03,    -7.375690E-03,
  2.750000E+01,     2.111150E-06,     3.702680E-05,     3.935588E-04,     6.536524E-03,     2.331528E-01,     9.392046E-02,    -2.602005E-03,    -2.562220E-03,    -2.491164E-03,    -2.465027E-03,    -8.057626E-03,
  2.800000E+01,     2.111150E-06,     2.942617E-05,     3.156285E-04,     5.043848E-03,     1.616281E-01,     1.939974E-01,    -2.572361E-03,    -2.557912E-03,    -2.488082E-03,    -2.473899E-03,    -8.748320E-03,
  2.850000E+01,     2.111150E-06,     2.337827E-05,     2.537527E-04,     3.908657E-03,     1.140155E-01,     3.881690E-01,    -2.518664E-03,    -2.553575E-03,    -2.484781E-03,    -2.484738E-03,    -9.425679E-03,
  2.900000E+01,     2.111150E-06,     1.858396E-05,     2.045024E-04,     3.040974E-03,     8.163549E-02,     7.330064E-01,    -2.416013E-03,    -2.549251E-03,    -2.481351E-03,    -2.498292E-03,    -1.006442E-02,
  2.950000E+01,     2.111150E-06,     1.479889E-05,     1.652086E-04,     2.374669E-03,     5.919760E-02,     1.239457E+00,    -2.213509E-03,    -2.544952E-03,    -2.477858E-03,    -2.515447E-03,    -1.063742E-02,
  3.000000E+01,     2.111150E-06,     1.182371E-05,     1.337876E-04,     1.860795E-03,     4.339665E-02,     1.729973E+00,    -1.806861E-03,    -2.540665E-03,    -2.474351E-03,    -2.537289E-03,    -1.111759E-02,
  3.050000E+01,     2.111150E-06,     9.496121E-06,     1.086074E-04,     1.462889E-03,     3.211480E-02,     1.844231E+00,    -9.818349E-04,    -2.536340E-03,    -2.470858E-03,    -2.565165E-03,    -1.147990E-02,
  3.100000E+01,     2.111150E-06,     7.684338E-06,     8.838659E-05,     1.153623E-03,     2.396317E-02,     1.511565E+00,     7.028185E-04,    -2.531855E-03,    -2.467394E-03,    -2.600772E-03,    -1.170362E-02,
  3.150000E+01,     2.111150E-06,     6.281664E-06,     7.211597E-05,     9.124067E-04,     1.801203E-02,     1.055076E+00,     4.158065E-03,    -2.526971E-03,    -2.463959E-03,    -2.646270E-03,    -1.177423E-02,
  3.200000E+01,     2.111150E-06,     5.202001E-06,     5.899875E-05,     7.236450E-04,     1.362774E-02,     6.958578E-01,     1.126706E-02,    -2.521208E-03,    -2.460540E-03,    -2.704410E-03,    -1.168496E-02,
  3.250000E+01,     2.111150E-06,     4.376113E-06,     4.840427E-05,     5.754714E-04,     1.037167E-02,     4.580184E-01,     2.591706E-02,    -2.513613E-03,    -2.457106E-03,    -2.778700E-03,    -1.143750E-02,
  3.300000E+01,     2.111150E-06,     3.748547E-06,     3.983216E-05,     4.588168E-04,     7.936031E-03,     3.066227E-01,     5.606846E-02,    -2.502280E-03,    -2.453610E-03,    -2.873592E-03,    -1.104197E-02,
  3.350000E+01,     2.111150E-06,     3.275075E-06,     3.288453E-05,     3.667210E-04,     6.102251E-03,     2.095413E-01,     1.176536E-01,    -2.483380E-03,    -2.449983E-03,    -2.994684E-03,    -1.051585E-02,
  3.400000E+01,     2.111150E-06,     2.920578E-06,     2.724423E-05,     2.938219E-04,     4.713457E-03,     1.459783E-01,     2.407804E-01,    -2.449177E-03,    -2.446125E-03,    -3.148924E-03,    -9.882215E-03,
  3.450000E+01,     2.111150E-06,     2.657302E-06,     2.265798E-05,     2.359735E-04,     3.655997E-03,     1.034104E-01,     4.747355E-01,    -2.383983E-03,    -2.441899E-03,    -3.344770E-03,    -9.167296E-03,
  3.500000E+01,     2.111150E-06,     2.463410E-06,     1.892306E-05,     1.899589E-04,     2.846834E-03,     7.430660E-02,     8.720718E-01,    -2.255870E-03,    -2.437110E-03,    -3.592246E-03,    -8.397689E-03,
  3.550000E+01,     2.111150E-06,     2.321795E-06,     1.587691E-05,     1.532740E-04,     2.224835E-03,     5.404681E-02,     1.402877E+00,    -1.999647E-03,    -2.431488E-03,    -3.902812E-03,    -7.597417E-03,
  3.600000E+01,     2.111150E-06,     2.219111E-06,     1.338888E-05,     1.239637E-04,     1.744680E-03,     3.972413E-02,     1.812531E+00,    -1.481823E-03,    -2.424650E-03,    -4.288903E-03,    -6.785037E-03,
  3.650000E+01,     2.111150E-06,     2.145001E-06,     1.135384E-05,     1.004968E-04,     1.372557E-03,     2.946372E-02,     1.770666E+00,    -4.282224E-04,    -2.416049E-03,    -4.762999E-03,    -5.970860E-03,
  3.700000E+01,     2.111150E-06,     2.091475E-06,     9.686993E-06,     8.167107E-05,     1.083094E-03,     2.202885E-02,     1.363622E+00,     1.725834E-03,    -2.404883E-03,    -5.336036E-03,    -5.154219E-03,
  3.750000E+01,     2.111150E-06,     2.052438E-06,     8.319826E-06,     6.653972E-05,     8.571518E-04,     1.658740E-02,     9.271595E-01,     6.145916E-03,    -2.389956E-03,    -6.015002E-03,    -4.320581E-03,
  3.800000E+01,     2.111150E-06,     2.023310E-06,     7.196910E-06,     5.435551E-05,     6.802162E-04,     1.256980E-02,     6.088917E-01,     1.523959E-02,    -2.369426E-03,    -6.799606E-03,    -3.438222E-03,
  3.850000E+01,     2.111150E-06,     2.000738E-06,     6.273319E-06,     4.452716E-05,     5.412329E-04,     9.580230E-03,     4.024436E-01,     3.396473E-02,    -2.340366E-03,    -7.678039E-03,    -2.454078E-03,
  3.900000E+01,     2.111150E-06,     1.982360E-06,     5.512587E-06,     3.658575E-05,     4.317450E-04,     7.340042E-03,     2.710900E-01,     7.241187E-02,    -2.297944E-03,    -8.621999E-03,    -1.288467E-03,
  3.950000E+01,     2.111150E-06,     1.966604E-06,     4.885074E-06,     3.015855E-05,     3.452562E-04,     5.650759E-03,     1.863767E-01,     1.504801E-01,    -2.233884E-03,    -9.581354E-03,     1.714978E-04,
  4.000000E+01,     2.111150E-06,     1.952510E-06,     4.366657E-06,     2.494871E-05,     2.767578E-04,     4.369572E-03,     1.305266E-01,     3.044636E-01,    -2.133487E-03,    -1.047889E-02,     2.079648E-03,
  4.050000E+01,     2.111150E-06,     1.939570E-06,     3.937686E-06,     2.071928E-05,     2.223736E-04,     3.392776E-03,     9.287997E-02,     5.885074E-01,    -1.969786E-03,    -1.120548E-02,     4.638952E-03,
  4.100000E+01,     2.111150E-06,     1.927579E-06,     3.582140E-06,     1.728081E-05,     1.790940E-04,     2.644446E-03,     6.699431E-02,     1.041524E+00,    -1.691895E-03,    -1.161550E-02,     8.108650E-03,
  4.150000E+01,     2.111150E-06,     1.916515E-06,     3.286949E-06,     1.448152E-05,     1.445747E-04,     2.068578E-03,     4.888714E-02,     1.570132E+00,    -1.201552E-03,    -1.152117E-02,     1.280782E-02,
  4.200000E+01,     2.111150E-06,     1.906426E-06,     3.041453E-06,     1.219960E-05,     1.169839E-04,     1.623585E-03,     3.603330E-02,     1.849187E+00,    -3.054529E-04,    -1.068306E-02,     1.911161E-02,
  4.250000E+01,     2.111150E-06,     1.897366E-06,     2.836958E-06,     1.033712E-05,     9.488628E-05,     1.278394E-03,     2.679256E-02,     1.648921E+00,     1.382258E-03,    -8.792182E-03,     2.743546E-02,
  4.300000E+01,     2.111150E-06,     1.889339E-06,     2.666383E-06,     8.815233E-06,     7.715403E-05,     1.009654E-03,     2.007616E-02,     1.201560E+00,     4.640530E-03,    -5.438257E-03,     3.820191E-02,
  4.350000E+01,     2.111150E-06,     1.882287E-06,     2.523966E-06,     7.570364E-06,     6.289866E-05,     7.997245E-04,     1.514756E-02,     8.015393E-01,     1.105467E-02,    -5.980862E-05,     5.178536E-02,
  4.400000E+01,     2.111150E-06,     1.876098E-06,     2.405036E-06,     6.551166E-06,     5.141852E-05,     6.352157E-04,     1.150023E-02,     5.261604E-01,     2.386475E-02,     8.122893E-03,     6.843285E-02,
  4.450000E+01,     2.111150E-06,     1.870636E-06,     2.305822E-06,     5.716129E-06,     4.215814E-05,     5.059162E-04,     8.780729E-03,     3.498234E-01,     4.967845E-02,     2.017932E-02,     8.816403E-02,
  4.500000E+01,     2.111150E-06,     1.865796E-06,     2.223300E-06,     5.031670E-06,     3.467683E-05,     4.040062E-04,     6.739355E-03,     2.373345E-01,     1.017721E-01,     3.751198E-02,     1.106623E-01,
  4.550000E+01,     2.111150E-06,     1.861559E-06,     2.155082E-06,     4.470613E-06,     2.862421E-05,     3.234730E-04,     5.197687E-03,     1.642794E-01,     2.057052E-01,     6.181178E-02,     1.351809E-01,
  4.600000E+01,     2.111150E-06,     1.858072E-06,     2.099335E-06,     4.010990E-06,     2.372115E-05,     2.596759E-04,     4.026985E-03,     1.157561E-01,     4.056095E-01,     9.484221E-02,     1.605049E-01,
  4.650000E+01,     2.111150E-06,     1.855729E-06,     2.054738E-06,     3.635104E-06,     1.974486E-05,     2.090199E-04,     3.133520E-03,     8.283014E-02,     7.578563E-01,     1.379843E-01,     1.850406E-01,
  4.700000E+01,     2.111150E-06,     1.855286E-06,     2.020504E-06,     3.328825E-06,     1.651719E-05,     1.687094E-04,     2.448491E-03,     6.006376E-02,     1.270243E+00,     1.916316E-01,     2.072011E-01,
  4.750000E+01,     2.111150E-06,     1.858024E-06,     1.996477E-06,     3.081094E-06,     1.389544E-05,     1.365607E-04,     1.920988E-03,     4.406572E-02,     1.758107E+00,     2.551425E-01,     2.266484E-01,
  4.800000E+01,     2.111150E-06,     1.866042E-06,     1.983403E-06,     2.883691E-06,     1.176498E-05,     1.108573E-04,     1.513006E-03,     3.266528E-02,     1.861945E+00,     3.303592E-01,     2.487724E-01,
  4.850000E+01,     2.111150E-06,     1.882850E-06,     1.983509E-06,     2.731357E-06,     1.003321E-05,     9.023181E-05,     1.195798E-03,     2.443597E-02,     1.527769E+00,     4.415171E-01,     3.039583E-01,
  4.900000E+01,     2.111150E-06,     1.914625E-06,     2.001773E-06,     2.622545E-06,     8.624041E-06,     7.356074E-05,     9.470279E-04,     1.841051E-02,     1.081789E+00,     7.322141E-01,     5.421625E-01,
  4.950000E+01,     2.111150E-06,     1.972981E-06,     2.048659E-06,     2.561411E-06,     7.471586E-06,     5.984190E-05,     7.481062E-04,     1.389525E-02,     7.319756E-01,     1.930494E+00,     1.706025E+00,
