alpha(x) =  0.500  beta(v) =  0.700  delta (t) = 0.050Free stream: density =  1.000  velocity = -1.000  temperature =  1.000  Execution time =    21.09 s
vxmax=   7.00  vxmin=  -7.00  vymax=   7.00  vymin=  -7.00  vzmax=   7.00  vzmin=  -7.00
x, t=      0.0, t=      5.0, t=     10.0, t=     15.0, t=     20.0, t=     25.0, t=     30.0, t=     35.0, t=     40.0, t=     45.0, t=     50.0,
  0.000000E+00,     1.907620E-16,    -6.507621E-16,    -5.964816E-16,     4.363988E-15,    -1.174504E-15,    -5.368236E-16,    -1.924249E-15,    -3.935483E-15,    -2.425108E-15,     4.116625E-15,     3.930318E-16,
  5.000000E-01,     1.907620E-16,    -2.464447E-15,    -5.693407E-16,    -2.492820E-15,    -8.350839E-16,    -3.267298E-17,     1.659905E-15,     3.113085E-16,     1.651947E-15,    -3.689402E-15,    -1.405828E-15,
  1.000000E+00,     1.907620E-16,    -4.853463E-15,    -1.465175E-16,    -3.955043E-15,     1.139927E-15,    -1.465221E-16,     2.813627E-15,     2.494515E-15,    -1.975483E-15,    -3.553554E-16,    -1.414477E-15,
  1.500000E+00,     1.907620E-16,    -1.903336E-15,     1.265162E-15,     1.640799E-15,    -1.355490E-15,    -3.525204E-15,    -3.965154E-16,     2.576613E-15,     1.686857E-18,     8.769519E-16,     9.466193E-16,
  2.000000E+00,     1.907620E-16,     8.510279E-16,    -9.881804E-16,    -5.814524E-16,    -2.482418E-15,    -1.492008E-15,    -1.312397E-15,    -5.250381E-16,     3.413679E-15,     5.445666E-16,     1.197468E-15,
  2.500000E+00,     1.907620E-16,     3.384492E-15,     2.950930E-16,     1.341642E-15,     5.375391E-16,    -6.607243E-16,    -6.515843E-16,     5.551445E-16,     4.752462E-16,     1.058963E-16,     8.100700E-16,
  3.000000E+00,     1.907620E-16,     4.920328E-16,     4.972971E-16,     1.744156E-15,    -7.073925E-16,    -2.393049E-16,    -4.070323E-15,    -2.359815E-15,     1.301899E-15,     2.045970E-16,     2.947978E-15,
  3.500000E+00,     1.907620E-16,    -1.987950E-15,     5.837718E-16,     2.733882E-15,    -1.563588E-15,     8.983971E-16,    -3.323144E-15,     9.390286E-16,    -8.741796E-16,     2.067780E-15,    -3.656993E-16,
  4.000000E+00,     1.907620E-16,    -1.114064E-15,     2.913824E-16,     7.289140E-16,    -1.636452E-15,    -8.152316E-16,     1.994979E-15,     3.128087E-15,     3.130443E-15,     9.607931E-16,     5.422698E-16,
  4.500000E+00,     1.907620E-16,     3.743486E-16,     7.162574E-16,     1.186295E-15,    -2.724671E-15,    -8.747203E-16,    -8.663496E-16,     1.742112E-15,     3.566239E-15,     2.412565E-15,    -2.020831E-15,
  5.000000E+00,     1.907620E-16,    -5.747004E-16,     1.602137E-15,    -1.125110E-15,    -1.875359E-15,    -2.696258E-15,    -1.794473E-15,     6.029321E-16,     1.236270E-15,     2.729595E-16,     5.789823E-15,
  5.500000E+00,     1.907620E-16,    -1.039477E-15,     4.257918E-15,    -1.943478E-15,     1.862767E-15,     2.029180E-15,    -3.485889E-16,     1.134877E-15,    -4.566571E-15,    -2.583384E-15,     4.683885E-15,
  6.000000E+00,     1.907620E-16,     2.667750E-16,    -6.916821E-16,     1.935238E-15,     1.066057E-15,     2.657364E-15,     9.848870E-16,    -1.164176E-15,    -3.695948E-16,     4.764636E-15,    -1.125764E-15,
  6.500000E+00,     1.907620E-16,     5.114193E-16,    -1.039283E-15,     5.923530E-16,     1.138238E-15,     7.408420E-17,    -2.545655E-15,    -2.010798E-15,     1.124645E-15,    -3.582568E-15,    -1.184954E-15,
  7.000000E+00,     1.907620E-16,    -3.529383E-16,     5.788256E-16,    -1.583632E-15,    -2.697064E-15,    -1.410996E-15,    -9.090348E-16,     1.940471E-15,    -3.471478E-15,     1.191049E-15,    -3.125017E-15,
  7.500000E+00,     1.907620E-16,    -1.244630E-16,     9.371601E-16,     8.470840E-16,    -2.197578E-16,    -1.934531E-15,    -2.206693E-15,    -3.415567E-16,    -1.379928E-15,    -6.891206E-16,    -3.505238E-15,
  8.000000E+00,     1.907620E-16,     8.811249E-16,    -1.647797E-15,     2.679445E-15,    -2.151824E-15,     6.929836E-16,    -1.230918E-15,    -3.215733E-15,    -2.257253E-15,    -8.482869E-16,    -3.308496E-15,
  8.500000E+00,     1.907620E-16,    -3.485790E-16,     4.218407E-16,     1.798951E-16,    -3.437828E-16,     2.393056E-15,     5.649857E-16,    -8.561060E-16,     1.994887E-15,    -9.161437E-16,    -2.955255E-15,
  9.000000E+00,     1.907620E-16,     6.288930E-16,    -4.813542E-16,     3.132201E-16,    -1.945026E-15,    -2.794306E-15,    -1.145136E-15,    -1.390156E-15,    -2.286532E-15,    -3.084468E-15,    -1.021561E-15,
  9.500000E+00,     1.907620E-16,     7.934809E-17,     2.053783E-15,    -2.067473E-16,     3.750134E-15,    -1.184536E-15,     1.222549E-15,    -4.792716E-16,    -1.831528E-15,    -1.542433E-15,    -1.264647E-15,
  1.000000E+01,     1.907620E-16,    -2.732798E-16,    -3.237174E-15,    -3.860561E-15,    -2.405946E-15,    -1.050379E-15,     1.720697E-15,     3.190680E-15,    -4.726118E-16,     1.386163E-15,     2.036775E-15,
  1.050000E+01,     1.907620E-16,    -5.630469E-16,     3.095728E-16,     7.304868E-16,    -6.182157E-16,    -3.988700E-15,     1.878591E-16,    -1.420981E-15,    -5.339989E-16,     1.916441E-15,     2.845576E-15,
  1.100000E+01,     1.907620E-16,    -6.341191E-17,    -8.704583E-16,    -6.710567E-16,    -3.019838E-15,    -2.065184E-15,     2.026108E-15,     9.292062E-16,     1.588079E-16,    -7.047948E-16,    -1.761984E-15,
  1.150000E+01,     1.907620E-16,    -2.031018E-16,     1.776358E-15,    -3.484143E-16,    -1.150865E-15,     2.354126E-15,    -6.331226E-16,     4.589124E-16,    -8.165114E-16,     1.450610E-16,    -2.403990E-15,
  1.200000E+01,     1.907620E-16,     4.061287E-16,     1.476437E-16,     1.020757E-15,     9.265792E-16,    -2.924328E-15,    -2.427416E-15,     5.219822E-17,    -4.028736E-16,    -2.385125E-15,    -5.495000E-15,
  1.250000E+01,     1.907620E-16,    -9.306066E-17,    -1.215535E-15,     1.010401E-15,    -6.744266E-17,    -1.902504E-16,     7.145398E-16,     1.283592E-15,    -2.707498E-15,    -5.763108E-15,    -1.729113E-16,
  1.300000E+01,     1.907620E-16,    -5.128284E-16,     1.003926E-15,     7.071885E-16,    -1.444279E-15,     1.675508E-15,    -2.638519E-15,     8.532410E-16,     1.314482E-15,    -1.189414E-15,    -2.816267E-15,
  1.350000E+01,     1.907620E-16,    -3.284270E-16,    -1.485118E-17,     1.128904E-15,    -2.404103E-15,     1.650417E-15,     1.287916E-16,    -1.669317E-15,    -1.420845E-15,    -3.907965E-16,     1.145650E-15,
  1.400000E+01,     1.907620E-16,    -2.198159E-17,    -7.861537E-16,     1.446065E-15,     2.003007E-16,    -1.652028E-15,    -2.758013E-15,    -2.432867E-15,    -1.591503E-15,    -5.682289E-16,    -7.353356E-16,
  1.450000E+01,     1.907620E-16,    -3.806300E-16,    -2.800777E-16,    -2.585982E-15,    -1.548260E-15,     1.412577E-15,    -2.846478E-16,    -1.169061E-15,    -6.098457E-15,    -2.283295E-15,     7.955905E-17,
  1.500000E+01,     1.907620E-16,     3.683621E-16,    -1.289041E-16,    -1.678794E-15,    -3.261582E-15,    -1.784800E-15,     1.181858E-16,    -4.547276E-17,     4.302265E-15,    -2.638676E-15,     9.643251E-16,
  1.550000E+01,     1.907620E-16,    -1.657274E-16,    -9.555143E-16,     2.166905E-15,     4.919216E-15,    -1.488571E-15,     3.884831E-15,     5.707635E-16,    -3.618495E-15,     1.187188E-15,    -7.772583E-16,
  1.600000E+01,     1.907620E-16,     8.152466E-16,    -9.057098E-17,     7.276395E-16,    -2.447985E-15,    -2.733764E-16,     2.160249E-15,     8.297711E-16,     9.921941E-16,     8.617586E-16,     2.398488E-15,
  1.650000E+01,     1.907620E-16,     1.246248E-15,    -3.280120E-16,    -3.011706E-15,     8.102858E-16,     1.772073E-15,     1.723842E-15,     2.569359E-18,    -1.192150E-15,    -2.980111E-15,    -7.016399E-16,
  1.700000E+01,     1.907620E-16,    -1.016605E-15,    -3.308660E-17,    -8.536203E-17,    -2.196919E-16,    -1.439171E-15,    -1.291494E-15,     2.440481E-15,     2.020401E-16,    -1.459738E-15,     1.858501E-15,
  1.750000E+01,     1.907620E-16,    -1.913623E-16,    -1.351877E-16,     3.336056E-16,    -1.178598E-15,     3.371203E-15,     2.201234E-15,     1.366074E-15,    -1.813671E-15,     2.167351E-15,     1.343584E-15,
  1.800000E+01,     1.907620E-16,    -6.475876E-16,    -9.079110E-16,    -1.989932E-15,    -1.155542E-15,    -3.407491E-16,     3.410318E-15,    -2.438650E-15,     1.690981E-15,    -1.736011E-16,    -3.570019E-15,
  1.850000E+01,     1.907620E-16,    -2.733461E-16,    -2.295274E-17,     5.744093E-16,     3.399569E-16,    -2.680092E-15,    -2.075819E-15,     2.021537E-15,     5.048919E-15,    -1.118086E-15,     4.652181E-16,
  1.900000E+01,     1.907620E-16,    -4.100050E-17,    -3.826885E-16,     8.213102E-17,    -7.867065E-16,     5.306097E-15,    -3.385673E-15,     7.943042E-16,    -3.204123E-15,     1.598237E-15,    -3.597771E-15,
  1.950000E+01,     1.907620E-16,    -1.209891E-15,     1.005635E-17,    -3.417641E-16,    -7.558264E-16,    -2.174003E-15,     2.868715E-15,     1.947865E-15,     3.274122E-15,    -6.938588E-16,     4.062448E-15,
  2.000000E+01,     1.907620E-16,     4.553454E-16,    -1.126206E-15,     1.080980E-15,    -8.426509E-16,     1.589949E-15,    -2.235637E-15,    -1.334046E-15,    -3.229142E-15,     3.673744E-16,     6.900020E-16,
  2.050000E+01,     1.907620E-16,    -1.720604E-16,     4.928429E-17,     4.153031E-16,    -1.119186E-15,    -3.152238E-15,    -9.837278E-16,     1.411287E-15,    -3.145301E-15,     2.632935E-15,    -3.278742E-15,
  2.100000E+01,     1.907620E-16,    -8.851067E-16,    -1.381529E-16,    -6.186562E-17,     4.714227E-16,    -4.031312E-17,     3.217126E-15,     1.017721E-15,     3.712755E-15,     1.285092E-15,     1.752194E-15,
  2.150000E+01,     1.907620E-16,     1.464729E-16,    -6.094431E-16,     5.427580E-16,    -2.214860E-16,    -6.545593E-16,    -1.265275E-15,     3.106379E-15,     2.437839E-15,    -5.222185E-15,     4.558699E-15,
  2.200000E+01,     1.907620E-16,    -4.559980E-16,    -5.813595E-16,    -1.117880E-15,    -1.677940E-16,     3.917188E-16,    -2.817693E-15,    -1.775688E-15,    -1.328412E-16,    -8.180742E-17,    -1.541676E-15,
  2.250000E+01,     1.907620E-16,     2.283359E-16,    -7.450584E-16,    -1.108136E-15,    -1.443351E-15,    -2.380170E-15,    -1.609534E-15,    -1.883194E-15,    -7.424803E-16,    -2.141700E-15,    -1.548622E-15,
  2.300000E+01,     1.907620E-16,     1.484491E-16,    -5.116117E-17,     2.857659E-17,     2.447327E-17,    -5.035413E-15,    -6.600391E-16,    -2.095438E-15,    -1.559938E-15,     4.297317E-16,     3.550033E-16,
  2.350000E+01,     1.907620E-16,     5.253471E-16,     7.446341E-17,    -2.532612E-16,    -4.208881E-16,     6.676995E-16,    -1.526666E-15,     1.022912E-15,    -5.939975E-16,     5.635071E-16,    -2.865527E-15,
  2.400000E+01,     1.907620E-16,     6.373834E-16,    -5.882353E-16,    -3.215396E-16,    -6.746533E-16,     6.532415E-16,    -1.174628E-15,    -2.520261E-15,    -4.909909E-16,    -4.010763E-15,    -1.751627E-16,
  2.450000E+01,     1.907620E-16,    -7.256906E-16,    -9.158745E-16,     2.733063E-16,    -1.106683E-15,     6.159115E-16,    -1.987456E-15,     2.686097E-15,     1.134193E-15,     1.195274E-16,     9.072347E-16,
  2.500000E+01,     1.907620E-16,    -9.959846E-16,     5.153090E-16,    -8.259051E-17,    -1.270085E-15,    -1.499644E-15,    -7.585481E-16,     3.119348E-15,     1.382506E-16,    -2.495611E-15,    -6.615204E-16,
  2.550000E+01,     1.907620E-16,    -8.440286E-16,    -5.248003E-16,    -8.163629E-16,    -9.117270E-16,     1.014422E-17,    -1.004462E-15,    -3.580704E-15,     5.912738E-16,    -1.499674E-15,    -3.017771E-15,
  2.600000E+01,     1.907620E-16,    -3.834093E-16,    -2.089930E-16,     3.726783E-16,    -2.922049E-16,    -1.689706E-15,    -1.577417E-16,    -2.087093E-15,     1.702261E-15,    -2.627144E-15,     2.526058E-16,
  2.650000E+01,     1.907620E-16,    -1.251049E-16,    -2.317318E-17,     3.575137E-16,    -4.124957E-16,    -1.158825E-15,    -1.471327E-15,     1.216095E-16,    -3.154443E-15,    -1.785169E-16,    -2.260614E-15,
  2.700000E+01,     1.907620E-16,    -3.344888E-17,    -2.927500E-16,    -3.068098E-16,    -4.750585E-17,    -3.805554E-16,    -1.555602E-15,    -2.454721E-15,     4.246500E-16,    -1.362141E-15,    -1.514769E-15,
  2.750000E+01,     1.907620E-16,    -5.130712E-17,     4.000562E-17,    -1.102689E-16,     3.166426E-16,     3.362785E-16,     6.468778E-16,     3.069232E-15,     9.775210E-16,     2.478126E-16,     4.941789E-15,
  2.800000E+01,     1.907620E-16,     3.013947E-16,     4.728383E-16,    -7.153715E-16,     7.247479E-16,    -7.434708E-16,    -2.085076E-15,     2.565350E-16,     1.785615E-15,     3.866982E-16,    -1.067322E-15,
  2.850000E+01,     1.907620E-16,     6.309403E-16,    -1.799051E-16,    -5.914079E-16,    -9.718565E-17,    -1.258171E-15,    -4.704058E-16,    -1.502750E-15,    -3.501558E-15,     2.503943E-15,    -3.399718E-16,
  2.900000E+01,     1.907620E-16,    -2.914218E-16,    -5.678751E-17,    -5.006720E-16,    -1.343820E-16,    -8.812268E-16,    -1.911207E-15,    -9.054903E-16,    -1.401490E-15,     2.756476E-16,    -1.252126E-15,
  2.950000E+01,     1.907620E-16,    -1.035703E-15,    -7.030371E-17,    -2.330464E-16,    -1.179767E-15,     5.741321E-16,    -3.270266E-15,    -2.404496E-15,    -1.098087E-15,    -1.498300E-15,     2.438339E-15,
  3.000000E+01,     1.907620E-16,    -3.038667E-17,     1.681383E-16,    -2.162872E-16,    -3.901010E-16,    -4.256312E-16,     2.637068E-15,    -1.742062E-15,    -2.148975E-15,     9.068536E-17,    -8.273702E-16,
  3.050000E+01,     1.907620E-16,    -4.951608E-16,     3.531735E-16,     1.865797E-16,    -3.563392E-16,     6.240368E-17,     5.866145E-16,     2.200530E-15,     1.288434E-15,     2.425469E-15,     1.629908E-15,
  3.100000E+01,     1.907620E-16,    -9.310251E-17,    -4.256512E-17,    -6.653607E-16,    -1.109486E-15,    -6.067192E-16,    -4.025091E-16,     3.392671E-15,    -4.969535E-16,    -3.362393E-16,     2.045389E-15,
  3.150000E+01,     1.907620E-16,    -1.129783E-15,    -2.649824E-16,    -1.203785E-16,    -5.635805E-16,     2.296821E-15,    -8.041976E-16,     2.201748E-16,    -2.114333E-15,     1.822460E-15,    -3.663037E-15,
  3.200000E+01,     1.907620E-16,    -9.552901E-17,    -4.630581E-18,    -2.497637E-17,     3.594038E-16,    -5.876979E-17,    -7.774025E-16,     2.748535E-15,    -1.465984E-15,    -3.331399E-15,    -1.251798E-15,
  3.250000E+01,     1.907620E-16,    -7.323813E-16,     1.603564E-16,     7.825328E-16,    -3.798965E-16,     4.181012E-16,    -2.124760E-16,    -7.088626E-17,     3.293299E-16,     1.383810E-15,     1.807349E-16,
  3.300000E+01,     1.907620E-16,     1.290790E-15,    -2.820315E-16,    -1.527023E-16,     4.604609E-16,     2.905400E-16,     2.196446E-15,    -1.395379E-15,     1.817194E-16,    -1.341760E-15,    -4.098856E-16,
  3.350000E+01,     1.907620E-16,    -2.688151E-16,    -3.977535E-16,     3.339395E-17,    -7.725436E-16,    -7.835009E-16,     1.514323E-15,    -6.176878E-17,    -2.067795E-15,    -9.715540E-16,    -2.350673E-16,
  3.400000E+01,     1.907620E-16,     5.631082E-16,    -8.716716E-16,    -8.444002E-17,    -3.818145E-20,     2.612806E-16,    -4.160013E-16,    -6.033946E-16,    -4.733713E-16,     2.042029E-15,    -9.732311E-16,
  3.450000E+01,     1.907620E-16,     1.733652E-17,    -2.465626E-16,     4.494233E-16,    -5.423186E-16,    -3.889633E-16,    -6.848047E-16,     6.605438E-16,     9.779703E-16,    -1.349729E-15,     1.969744E-15,
  3.500000E+01,     1.907620E-16,     1.385188E-16,    -2.193595E-16,     7.736524E-16,    -8.437195E-16,     1.923314E-16,    -4.680498E-16,    -1.359883E-16,    -1.555401E-15,    -2.256688E-15,    -1.826339E-15,
  3.550000E+01,     1.907620E-16,    -9.049173E-16,    -8.408306E-16,    -3.072360E-16,    -8.268720E-16,     4.229984E-16,     7.165190E-19,    -3.212500E-16,    -3.247220E-15,    -4.803343E-16,    -1.154111E-15,
  3.600000E+01,     1.907620E-16,     3.194199E-17,    -2.680392E-16,    -3.467470E-16,     4.866884E-16,    -5.203156E-16,    -2.010792E-16,    -4.463620E-15,    -1.453173E-15,    -1.159877E-15,    -1.181816E-15,
  3.650000E+01,     1.907620E-16,    -1.885576E-16,    -8.344365E-16,     5.958002E-16,    -1.797100E-16,    -3.022623E-16,    -5.107114E-16,     2.477427E-15,     4.654301E-16,    -3.004710E-15,    -3.545405E-15,
  3.700000E+01,     1.907620E-16,    -3.472492E-16,    -3.160947E-16,     5.551005E-17,     1.115048E-16,     5.065027E-16,    -1.506299E-16,    -6.907934E-17,    -8.123799E-16,     2.850974E-16,    -2.494178E-15,
  3.750000E+01,     1.907620E-16,    -4.620050E-16,     2.502119E-17,    -3.007704E-16,    -6.032220E-16,    -1.177182E-16,    -9.371613E-17,    -6.549455E-16,    -2.542245E-15,     7.314956E-16,     1.809181E-15,
  3.800000E+01,     1.907620E-16,    -4.741133E-17,     1.036283E-15,    -5.131806E-16,     3.053414E-16,    -7.824375E-17,    -4.936525E-16,    -7.277690E-16,     2.861423E-15,     5.931015E-16,     2.141677E-15,
  3.850000E+01,     1.907620E-16,     3.250908E-17,     4.027645E-16,    -2.813119E-16,     6.435607E-18,    -2.280833E-16,     4.732671E-17,    -2.415180E-15,    -1.645843E-15,     8.634339E-17,     3.120127E-15,
  3.900000E+01,     1.907620E-16,    -3.798316E-16,    -3.472535E-16,    -3.241985E-16,    -1.585318E-15,     2.061089E-16,     6.478444E-16,    -3.979056E-16,    -4.426554E-15,    -1.609089E-15,    -1.004412E-15,
  3.950000E+01,     1.907620E-16,    -3.749333E-16,     1.323501E-16,    -3.199038E-16,    -9.911572E-17,     1.556602E-16,     6.436646E-17,     5.519666E-17,     3.231959E-16,     1.982156E-15,     1.223068E-16,
  4.000000E+01,     1.907620E-16,     3.662099E-16,    -5.306569E-16,    -4.855813E-16,     1.842017E-18,    -2.287368E-16,    -2.274012E-16,    -8.520221E-16,    -1.160578E-16,    -4.075025E-16,     6.231724E-16,
  4.050000E+01,     1.907620E-16,    -7.939624E-16,    -3.842417E-16,    -3.558162E-16,    -2.960395E-16,    -8.225718E-17,     3.237490E-17,     5.150875E-16,    -6.358451E-16,    -4.382216E-16,     2.143547E-15,
  4.100000E+01,     1.907620E-16,    -6.130021E-16,     6.428800E-16,    -1.156676E-16,     5.007337E-17,     9.057669E-17,    -4.754465E-16,     1.403929E-15,     1.521794E-15,    -7.421159E-16,     6.693800E-16,
  4.150000E+01,     1.907620E-16,     5.423232E-16,    -3.060313E-16,     4.700393E-16,     2.843773E-16,     1.731370E-16,    -6.431202E-16,     5.177615E-16,     1.242315E-17,    -2.708326E-15,     4.398125E-16,
  4.200000E+01,     1.907620E-16,     5.496772E-16,    -1.949288E-16,    -3.076547E-16,    -8.117957E-16,    -1.846309E-16,     4.537811E-16,    -4.655520E-16,     2.819174E-16,    -2.606682E-16,     4.044103E-15,
  4.250000E+01,     1.907620E-16,    -3.149050E-16,     1.010431E-16,    -3.865575E-16,     7.851244E-17,     8.164856E-16,     8.594572E-17,     8.887449E-18,    -1.445088E-15,    -5.625095E-16,    -8.039997E-17,
  4.300000E+01,     1.907620E-16,    -9.767522E-16,    -2.001477E-16,     3.390270E-16,     1.068351E-17,     3.003249E-16,    -3.963272E-16,    -5.500708E-16,     1.588217E-15,    -2.136220E-15,     3.576042E-15,
  4.350000E+01,     1.907620E-16,    -7.005461E-16,     2.699703E-16,     1.934617E-16,     1.249179E-16,    -1.082526E-16,     2.203913E-16,    -3.385574E-16,    -1.219578E-15,    -1.642938E-15,    -5.511228E-16,
  4.400000E+01,     1.907620E-16,    -4.941677E-16,     7.769420E-16,     8.729030E-16,     7.825650E-17,    -1.344134E-15,     1.069314E-16,    -5.384544E-16,     3.969596E-16,     4.160291E-16,     1.383915E-15,
  4.450000E+01,     1.907620E-16,     4.185047E-16,     5.844244E-16,     7.937167E-16,     3.160048E-16,    -3.234150E-16,     4.000839E-16,     9.198036E-17,     8.727968E-16,     2.907581E-16,     1.433173E-16,
  4.500000E+01,     1.907620E-16,     6.750880E-16,    -2.260524E-16,     1.143180E-15,     4.964386E-16,     1.915495E-16,    -3.991734E-16,    -1.102137E-16,    -3.164521E-16,     1.249617E-15,     1.073352E-15,
  4.550000E+01,     1.907620E-16,    -1.973828E-16,     2.470597E-16,     3.272497E-16,    -5.484723E-16,     6.790154E-17,    -7.932923E-17,     1.420087E-16,     1.161635E-18,     3.282532E-16,     1.067948E-15,
  4.600000E+01,     1.907620E-16,     2.257328E-16,     1.099596E-16,    -2.508960E-17,     3.769188E-16,     2.332669E-16,    -2.203924E-16,     2.570499E-17,    -9.015485E-16,    -7.736379E-16,    -1.012440E-15,
  4.650000E+01,     1.907620E-16,    -2.056516E-16,    -1.444621E-16,    -1.077244E-15,     1.831623E-16,    -3.007216E-16,     4.037870E-16,    -3.818533E-16,    -4.297623E-18,    -1.636693E-15,     1.285040E-16,
  4.700000E+01,     1.907620E-16,     9.019895E-17,     1.151700E-16,     1.378933E-16,     4.799803E-17,     9.978630E-17,     9.622722E-17,     1.352484E-16,     1.394148E-17,    -2.519408E-15,    -1.595591E-15,
  4.750000E+01,     1.907620E-16,     1.983562E-16,    -8.917274E-16,    -1.317106E-16,     1.286132E-16,    -1.097259E-15,     7.247948E-17,     1.792417E-16,     6.463430E-16,    -5.200527E-16,    -2.970084E-16,
  4.800000E+01,     1.907620E-16,     9.560275E-16,     2.536352E-16,     2.897484E-16,    -2.179783E-16,    -8.484565E-17,     8.445178E-17,    -3.336239E-17,    -2.914094E-16,     3.062175E-15,     7.067514E-16,
  4.850000E+01,     1.907620E-16,     4.491588E-16,     3.085348E-16,     1.316905E-16,     4.269109E-18,    -7.505486E-17,    -1.826255E-16,    -1.452407E-15,    -3.230673E-16,     2.713871E-16,    -4.531357E-15,
  4.900000E+01,     1.907620E-16,     5.648549E-16,     9.791544E-16,    -8.011947E-17,     4.727149E-16,     1.873733E-16,     2.448736E-16,     4.099057E-16,    -1.442078E-16,    -1.487542E-15,    -2.841128E-16,
  4.950000E+01,     1.907620E-16,     1.494250E-16,     2.387965E-16,    -1.617334E-16,    -7.832889E-17,     5.729500E-16,     7.200278E-16,     1.681220E-16,     7.619260E-16,    -1.916318E-15,     1.718630E-15,
