alpha(x) =  0.500  beta(v) =  0.700  delta (t) = 0.050Free stream: density =  1.000  velocity = -1.000  temperature =  1.000  Execution time =    21.09 s
vxmax=   7.00  vxmin=  -7.00  vymax=   7.00  vymin=  -7.00  vzmax=   7.00  vzmin=  -7.00
x, t=      0.0, t=      5.0, t=     10.0, t=     15.0, t=     20.0, t=     25.0, t=     30.0, t=     35.0, t=     40.0, t=     45.0, t=     50.0,
  0.000000E+00,    -1.000000E+00,    -2.751178E-04,    -2.555059E-06,     5.003099E-06,     2.234626E-06,     8.824392E-07,     3.364747E-07,     9.124272E-08,    -4.078446E-08,    -1.233277E-07,    -1.818579E-07,
  5.000000E-01,    -1.000000E+00,    -1.975571E-03,     2.371454E-04,     1.582402E-04,     7.491634E-05,     3.702919E-05,     1.930328E-05,     1.002721E-05,     4.630550E-06,     1.243718E-06,    -1.006005E-06,
  1.000000E+00,    -1.000000E+00,    -4.947067E-03,     4.019306E-04,     2.973850E-04,     1.426268E-04,     7.084347E-05,     3.701592E-05,     1.923190E-05,     8.851012E-06,     2.321063E-06,    -2.023755E-06,
  1.500000E+00,    -1.000000E+00,    -1.013947E-02,     4.267676E-04,     4.100596E-04,     2.009329E-04,     1.002246E-04,     5.233886E-05,     2.704202E-05,     1.221240E-05,     2.848146E-06,    -3.407255E-06,
  2.000000E+00,    -1.000000E+00,    -1.854865E-02,     2.504341E-04,     4.852734E-04,     2.458848E-04,     1.232679E-04,     6.422784E-05,     3.284140E-05,     1.433266E-05,     2.579561E-06,    -5.319724E-06,
  2.500000E+00,    -1.000000E+00,    -3.131369E-02,    -1.859296E-04,     5.137664E-04,     2.741685E-04,     1.383284E-04,     7.175977E-05,     3.607642E-05,     1.486454E-05,     1.290384E-06,    -7.911999E-06,
  3.000000E+00,    -1.000000E+00,    -4.979701E-02,    -9.426510E-04,     4.881274E-04,     2.832204E-04,     1.440756E-04,     7.415941E-05,     3.627034E-05,     1.350388E-05,    -1.218787E-06,    -1.131933E-05,
  3.500000E+00,    -1.000000E+00,    -7.560856E-02,    -2.087775E-03,     4.026460E-04,     2.712895E-04,     1.395330E-04,     7.082091E-05,     3.303529E-05,     9.996694E-06,    -5.117384E-06,    -1.565856E-05,
  4.000000E+00,    -1.000000E+00,    -1.105318E-01,    -3.705608E-03,     2.528874E-04,     2.374442E-04,     1.240999E-04,     6.132265E-05,     2.608152E-05,     4.144931E-06,    -1.054120E-05,    -2.102575E-05,
  4.500000E+00,    -1.000000E+00,    -1.563061E-01,    -5.907409E-03,     3.499625E-05,     1.815205E-04,     9.755594E-05,     4.543481E-05,     1.522315E-05,    -4.189503E-06,    -1.758963E-05,    -2.749436E-05,
  5.000000E+00,    -1.000000E+00,    -2.142297E-01,    -8.844118E-03,    -2.552524E-04,     1.040167E-04,     6.004673E-05,     2.311938E-05,     3.804831E-07,    -1.508251E-05,    -2.632389E-05,    -3.511404E-05,
  5.500000E+00,    -1.000000E+00,    -2.845973E-01,    -1.272110E-02,    -6.236386E-04,     5.940695E-06,     1.205288E-05,    -5.477040E-06,    -1.842121E-05,    -2.854743E-05,    -3.676634E-05,    -4.391004E-05,
  6.000000E+00,    -1.000000E+00,    -3.660900E-01,    -1.781487E-02,    -1.078910E-03,    -1.113831E-04,    -4.565520E-05,    -4.003712E-05,    -4.105631E-05,    -4.453645E-05,    -4.890073E-05,    -5.388318E-05,
  6.500000E+00,    -1.000000E+00,    -4.553935E-01,    -2.449154E-02,    -1.634434E-03,    -2.465382E-04,    -1.120742E-04,    -8.009239E-05,    -6.730645E-05,    -6.294377E-05,    -6.267352E-05,    -6.501058E-05,
  7.000000E+00,    -1.000000E+00,    -5.474010E-01,    -3.322646E-02,    -2.310116E-03,    -3.982655E-04,    -1.860330E-04,    -1.250474E-04,    -9.687083E-05,    -8.361026E-05,    -7.799614E-05,    -7.724689E-05,
  7.500000E+00,    -1.000000E+00,    -6.361835E-01,    -4.462312E-02,    -3.134667E-03,    -5.657325E-04,    -2.662637E-04,    -1.742073E-04,    -1.293786E-04,    -1.063295E-04,    -9.474800E-05,    -9.052610E-05,
  8.000000E+00,    -1.000000E+00,    -7.164401E-01,    -5.942819E-02,    -4.148288E-03,    -7.488217E-04,    -3.514742E-04,    -2.268075E-04,    -1.644029E-04,    -1.308547E-04,    -1.127803E-04,    -1.047639E-04,
  8.500000E+00,    -1.000000E+00,    -7.847277E-01,    -7.853627E-02,    -5.405939E-03,    -9.484400E-04,    -4.404208E-04,    -2.820438E-04,    -2.014756E-04,    -1.569069E-04,    -1.319203E-04,    -1.198603E-04,
  9.000000E+00,    -1.000000E+00,    -8.398832E-01,    -1.029744E-01,    -6.981334E-03,    -1.166858E-03,    -5.319795E-04,    -3.391023E-04,    -2.401030E-04,    -1.841831E-04,    -1.519763E-04,    -1.357030E-04,
  9.500000E+00,    -1.000000E+00,    -8.826194E-01,    -1.338517E-01,    -8.971883E-03,    -1.408091E-03,    -6.252138E-04,    -3.971882E-04,    -2.797808E-04,    -2.123647E-04,    -1.727424E-04,    -1.521707E-04,
  1.000000E+01,    -1.000000E+00,    -9.147291E-01,    -1.722552E-01,    -1.150481E-02,    -1.678342E-03,    -7.194395E-04,    -4.555514E-04,    -3.200085E-04,    -2.411267E-04,    -1.940038E-04,    -1.691366E-04,
  1.050000E+01,    -1.000000E+00,    -9.383500E-01,    -2.190747E-01,    -1.474467E-02,    -1.986530E-03,    -8.142877E-04,    -5.135103E-04,    -3.603033E-04,    -2.701450E-04,    -2.155421E-04,    -1.864726E-04,
  1.100000E+01,    -1.000000E+00,    -9.554967E-01,    -2.747508E-01,    -1.890256E-02,    -2.344945E-03,    -9.097678E-04,    -5.704717E-04,    -4.002116E-04,    -2.991049E-04,    -2.371400E-04,    -2.040525E-04,
  1.150000E+01,    -1.000000E+00,    -9.678523E-01,    -3.389735E-01,    -2.424701E-02,    -2.770059E-03,    -1.006332E-03,    -6.259477E-04,    -4.393196E-04,    -3.277077E-04,    -2.585860E-04,    -2.217565E-04,
  1.200000E+01,    -1.000000E+00,    -9.767278E-01,    -4.104096E-01,    -3.111673E-02,    -3.283557E-03,    -1.104950E-03,    -6.795691E-04,    -4.772618E-04,    -3.556769E-04,    -2.796792E-04,    -2.394748E-04,
  1.250000E+01,    -1.000000E+00,    -9.831022E-01,    -4.865944E-01,    -3.993444E-02,    -3.913653E-03,    -1.207191E-03,    -7.310971E-04,    -5.137270E-04,    -3.827630E-04,    -3.002322E-04,    -2.571112E-04,
  1.300000E+01,    -1.000000E+00,    -9.876882E-01,    -5.641261E-01,    -5.122088E-02,    -4.696763E-03,    -1.315327E-03,    -7.804320E-04,    -5.484638E-04,    -4.087479E-04,    -3.200752E-04,    -2.745869E-04,
  1.350000E+01,    -1.000000E+00,    -9.909977E-01,    -6.392053E-01,    -6.560633E-02,    -5.679639E-03,    -1.432468E-03,    -8.276212E-04,    -5.812823E-04,    -4.334475E-04,    -3.390583E-04,    -2.918440E-04,
  1.400000E+01,    -1.000000E+00,    -9.933950E-01,    -7.083731E-01,    -8.383556E-02,    -6.922084E-03,    -1.562723E-03,    -8.728675E-04,    -6.120564E-04,    -4.567140E-04,    -3.570534E-04,    -3.088488E-04,
  1.450000E+01,    -1.000000E+00,    -9.951389E-01,    -7.691597E-01,    -1.067589E-01,    -8.500389E-03,    -1.711423E-03,    -9.165381E-04,    -6.407226E-04,    -4.784363E-04,    -3.739560E-04,    -3.255952E-04,
  1.500000E+01,    -1.000000E+00,    -9.964130E-01,    -8.203856E-01,    -1.352990E-01,    -1.051165E-02,    -1.885398E-03,    -9.591768E-04,    -6.672794E-04,    -4.985402E-04,    -3.896857E-04,    -3.421078E-04,
  1.550000E+01,    -1.000000E+00,    -9.973475E-01,    -8.620634E-01,    -1.703810E-01,    -1.307917E-02,    -2.093341E-03,    -1.001521E-03,    -6.917851E-04,    -5.169873E-04,    -4.041869E-04,    -3.584453E-04,
  1.600000E+01,    -1.000000E+00,    -9.980354E-01,    -8.950431E-01,    -2.128094E-01,    -1.635912E-02,    -2.346280E-03,    -1.044526E-03,    -7.143551E-04,    -5.337736E-04,    -4.174278E-04,    -3.747038E-04,
  1.650000E+01,    -1.000000E+00,    -9.985434E-01,    -9.206030E-01,    -2.630876E-01,    -2.054869E-02,    -2.658178E-03,    -1.089395E-03,    -7.351602E-04,    -5.489271E-04,    -4.294005E-04,    -3.910199E-04,
  1.700000E+01,    -1.000000E+00,    -9.989194E-01,    -9.401237E-01,    -3.211873E-01,    -2.589578E-02,    -3.046708E-03,    -1.137627E-03,    -7.544241E-04,    -5.625051E-04,    -4.401195E-04,    -4.075748E-04,
  1.750000E+01,    -1.000000E+00,    -9.991982E-01,    -9.548882E-01,    -3.863132E-01,    -3.271025E-02,    -3.534237E-03,    -1.191075E-03,    -7.724228E-04,    -5.745918E-04,    -4.496203E-04,    -4.245981E-04,
  1.800000E+01,    -1.000000E+00,    -9.994054E-01,    -9.659908E-01,    -4.567494E-01,    -4.137636E-02,    -4.149087E-03,    -1.252029E-03,    -7.894850E-04,    -5.852945E-04,    -4.579578E-04,    -4.423723E-04,
  1.850000E+01,    -1.000000E+00,    -9.995594E-01,    -9.743156E-01,    -5.298971E-01,    -5.236547E-02,    -4.927124E-03,    -1.323315E-03,    -8.059947E-04,    -5.947413E-04,    -4.652048E-04,    -4.612382E-04,
  1.900000E+01,    -1.000000E+00,    -9.996740E-01,    -9.805529E-01,    -6.025777E-01,    -6.624702E-02,    -5.913785E-03,    -1.408437E-03,    -8.223962E-04,    -6.030780E-04,    -4.714496E-04,    -4.816001E-04,
  1.950000E+01,    -1.000000E+00,    -9.997593E-01,    -9.852298E-01,    -6.715647E-01,    -8.369442E-02,    -7.166626E-03,    -1.511751E-03,    -8.392022E-04,    -6.104655E-04,    -4.767945E-04,    -5.039329E-04,
  2.000000E+01,    -1.000000E+00,    -9.998227E-01,    -9.887432E-01,    -7.341722E-01,    -1.054800E-01,    -8.758532E-03,    -1.638689E-03,    -8.570067E-04,    -6.170780E-04,    -4.813543E-04,    -5.287896E-04,
  2.050000E+01,    -1.000000E+00,    -9.998698E-01,    -9.913895E-01,    -7.886757E-01,    -1.324508E-01,    -1.078174E-02,    -1.796048E-03,    -8.765020E-04,    -6.231013E-04,    -4.852541E-04,    -5.568103E-04,
  2.100000E+01,    -1.000000E+00,    -9.999047E-01,    -9.933888E-01,    -8.344278E-01,    -1.654730E-01,    -1.335284E-02,    -1.992356E-03,    -8.985030E-04,    -6.287320E-04,    -4.886285E-04,    -5.887315E-04,
  2.150000E+01,    -1.000000E+00,    -9.999305E-01,    -9.949046E-01,    -8.716924E-01,    -2.053339E-01,    -1.661896E-02,    -2.238338E-03,    -9.239784E-04,    -6.341781E-04,    -4.916203E-04,    -6.253978E-04,
  2.200000E+01,    -1.000000E+00,    -9.999495E-01,    -9.960579E-01,    -9.013327E-01,    -2.525906E-01,    -2.076526E-02,    -2.547506E-03,    -9.540919E-04,    -6.396595E-04,    -4.943798E-04,    -6.677743E-04,
  2.250000E+01,    -1.000000E+00,    -9.999634E-01,    -9.969388E-01,    -9.244946E-01,    -3.073701E-01,    -2.602398E-02,    -2.936907E-03,    -9.902551E-04,    -6.454112E-04,    -4.970646E-04,    -7.169603E-04,
  2.300000E+01,    -1.000000E+00,    -9.999736E-01,    -9.976142E-01,    -9.423682E-01,    -3.691509E-01,    -3.268488E-02,    -3.428066E-03,    -1.034196E-03,    -6.516863E-04,    -4.998397E-04,    -7.742044E-04,
  2.350000E+01,    -1.000000E+00,    -9.999811E-01,    -9.981340E-01,    -9.560461E-01,    -4.365906E-01,    -4.110694E-02,    -4.048191E-03,    -1.088044E-03,    -6.587621E-04,    -5.028783E-04,    -8.409208E-04,
  2.400000E+01,    -1.000000E+00,    -9.999865E-01,    -9.985355E-01,    -9.664601E-01,    -5.074956E-01,    -5.173048E-02,    -4.831676E-03,    -1.154441E-03,    -6.669476E-04,    -5.063634E-04,    -9.187067E-04,
  2.450000E+01,    -1.000000E+00,    -9.999904E-01,    -9.988469E-01,    -9.743684E-01,    -5.790150E-01,    -6.508818E-02,    -5.822017E-03,    -1.236680E-03,    -6.765936E-04,    -5.104893E-04,    -1.009359E-03,
  2.500000E+01,    -1.000000E+00,    -9.999933E-01,    -9.990892E-01,    -9.803692E-01,    -6.480661E-01,    -8.181186E-02,    -7.074210E-03,    -1.338880E-03,    -6.881055E-04,    -5.154649E-04,    -1.114895E-03,
  2.550000E+01,    -1.000000E+00,    -9.999953E-01,    -9.992784E-01,    -9.849249E-01,    -7.118752E-01,    -1.026304E-01,    -8.657778E-03,    -1.466207E-03,    -7.019607E-04,    -5.215174E-04,    -1.237567E-03,
  2.600000E+01,    -1.000000E+00,    -9.999967E-01,    -9.994267E-01,    -9.883888E-01,    -7.684394E-01,    -1.283508E-01,    -1.066055E-02,    -1.625154E-03,    -7.187291E-04,    -5.288966E-04,    -1.379878E-03,
  2.650000E+01,    -1.000000E+00,    -9.999977E-01,    -9.995433E-01,    -9.910281E-01,    -8.167461E-01,    -1.598132E-01,    -1.319336E-02,    -1.823898E-03,    -7.391006E-04,    -5.378813E-04,    -1.544602E-03,
  2.700000E+01,    -1.000000E+00,    -9.999984E-01,    -9.996352E-01,    -9.930444E-01,    -8.567143E-01,    -1.978060E-01,    -1.639587E-02,    -2.072739E-03,    -7.639188E-04,    -5.487864E-04,    -1.734788E-03,
  2.750000E+01,    -1.000000E+00,    -9.999989E-01,    -9.997079E-01,    -9.945892E-01,    -8.889487E-01,    -2.429335E-01,    -2.044367E-02,    -2.384671E-03,    -7.942240E-04,    -5.619718E-04,    -1.953772E-03,
  2.800000E+01,    -1.000000E+00,    -9.999993E-01,    -9.997656E-01,    -9.957765E-01,    -9.144407E-01,    -2.954340E-01,    -2.555679E-02,    -2.776089E-03,    -8.313065E-04,    -5.778530E-04,    -2.205178E-03,
  2.850000E+01,    -1.000000E+00,    -9.999995E-01,    -9.998115E-01,    -9.966920E-01,    -9.343136E-01,    -3.549707E-01,    -3.200968E-02,    -3.267692E-03,    -8.767743E-04,    -5.969145E-04,    -2.492906E-03,
  2.900000E+01,    -1.000000E+00,    -9.999997E-01,    -9.998481E-01,    -9.974003E-01,    -9.496528E-01,    -4.204475E-01,    -4.014241E-02,    -3.885617E-03,    -9.326380E-04,    -6.197252E-04,    -2.821127E-03,
  2.950000E+01,    -1.000000E+00,    -9.999998E-01,    -9.998774E-01,    -9.979502E-01,    -9.614170E-01,    -4.899374E-01,    -5.037259E-02,    -4.662872E-03,    -1.001418E-03,    -6.469576E-04,    -3.194246E-03,
  3.000000E+01,    -1.000000E+00,    -9.999999E-01,    -9.999009E-01,    -9.983784E-01,    -9.704059E-01,    -5.608074E-01,    -6.320638E-02,    -5.641147E-03,    -1.086277E-03,    -6.794103E-04,    -3.616873E-03,
  3.050000E+01,    -1.000000E+00,    -9.999999E-01,    -9.999197E-01,    -9.987131E-01,    -9.772627E-01,    -6.300726E-01,    -7.924636E-02,    -6.873094E-03,    -1.191192E-03,    -7.180363E-04,    -4.093766E-03,
  3.100000E+01,    -1.000000E+00,    -9.999999E-01,    -9.999348E-01,    -9.989755E-01,    -9.824920E-01,    -6.949012E-01,    -9.919153E-02,    -8.425187E-03,    -1.321165E-03,    -7.639754E-04,    -4.629765E-03,
  3.150000E+01,    -1.000000E+00,    -1.000000E+00,    -9.999471E-01,    -9.991819E-01,    -9.864835E-01,    -7.530973E-01,    -1.238230E-01,    -1.038131E-02,    -1.482493E-03,    -8.185947E-04,    -5.229714E-03,
  3.200000E+01,    -1.000000E+00,    -1.000000E+00,    -9.999569E-01,    -9.993448E-01,    -9.895353E-01,    -8.033878E-01,    -1.539658E-01,    -1.284723E-02,    -1.683105E-03,    -8.835370E-04,    -5.898362E-03,
  3.250000E+01,    -1.000000E+00,    -1.000000E+00,    -9.999649E-01,    -9.994738E-01,    -9.918735E-01,    -8.454393E-01,    -1.904149E-01,    -1.595611E-02,    -1.932991E-03,    -9.607792E-04,    -6.640254E-03,
  3.300000E+01,    -1.000000E+00,    -1.000000E+00,    -9.999714E-01,    -9.995762E-01,    -9.936696E-01,    -8.796648E-01,    -2.338161E-01,    -1.987530E-02,    -2.244738E-03,    -1.052703E-03,    -7.459611E-03,
  3.350000E+01,    -1.000000E+00,    -1.000000E+00,    -9.999767E-01,    -9.996578E-01,    -9.950531E-01,    -9.069390E-01,    -2.844974E-01,    -2.481446E-02,    -2.634217E-03,    -1.162182E-03,    -8.360204E-03,
  3.400000E+01,    -1.000000E+00,    -1.000000E+00,    -9.999809E-01,    -9.997230E-01,    -9.961218E-01,    -9.283350E-01,    -3.422666E-01,    -3.103518E-02,    -3.121434E-03,    -1.292682E-03,    -9.345229E-03,
  3.450000E+01,    -1.000000E+00,    -1.000000E+00,    -9.999844E-01,    -9.997752E-01,    -9.969500E-01,    -9.449342E-01,    -4.062196E-01,    -3.886182E-02,    -3.731625E-03,    -1.448391E-03,    -1.041718E-02,
  3.500000E+01,    -1.000000E+00,    -1.000000E+00,    -9.999873E-01,    -9.998171E-01,    -9.975938E-01,    -9.577170E-01,    -4.746378E-01,    -4.869326E-02,    -4.496619E-03,    -1.634373E-03,    -1.157775E-02,
  3.550000E+01,    -1.000000E+00,    -1.000000E+00,    -9.999896E-01,    -9.998509E-01,    -9.980957E-01,    -9.675164E-01,    -5.450612E-01,    -6.101409E-02,    -5.456571E-03,    -1.856749E-03,    -1.282774E-02,
  3.600000E+01,    -1.000000E+00,    -1.000000E+00,    -9.999915E-01,    -9.998782E-01,    -9.984883E-01,    -9.750114E-01,    -6.145860E-01,    -7.640325E-02,    -6.662140E-03,    -2.122932E-03,    -1.416703E-02,
  3.650000E+01,    -1.000000E+00,    -1.000000E+00,    -9.999930E-01,    -9.999003E-01,    -9.987964E-01,    -9.807397E-01,    -6.803375E-01,    -9.553599E-02,    -8.177227E-03,    -2.441901E-03,    -1.559457E-02,
  3.700000E+01,    -1.000000E+00,    -1.000000E+00,    -9.999943E-01,    -9.999182E-01,    -9.990388E-01,    -9.851198E-01,    -7.399653E-01,    -1.191731E-01,    -1.008241E-02,    -2.824545E-03,    -1.710845E-02,
  3.750000E+01,    -1.000000E+00,    -1.000000E+00,    -9.999953E-01,    -9.999327E-01,    -9.992302E-01,    -9.884733E-01,    -7.919812E-01,    -1.481287E-01,    -1.247922E-02,    -3.284081E-03,    -1.870602E-02,
  3.800000E+01,    -1.000000E+00,    -1.000000E+00,    -9.999962E-01,    -9.999446E-01,    -9.993817E-01,    -9.910457E-01,    -8.358397E-01,    -1.832050E-01,    -1.549546E-02,    -3.836570E-03,    -2.038411E-02,
  3.850000E+01,    -1.000000E+00,    -1.000000E+00,    -9.999969E-01,    -9.999543E-01,    -9.995021E-01,    -9.930235E-01,    -8.717888E-01,    -2.250839E-01,    -1.929171E-02,    -4.501555E-03,    -2.213931E-02,
  3.900000E+01,    -1.000000E+00,    -1.000000E+00,    -9.999975E-01,    -9.999623E-01,    -9.995979E-01,    -9.945480E-01,    -9.006026E-01,    -2.741701E-01,    -2.406920E-02,    -5.302852E-03,    -2.396832E-02,
  3.950000E+01,    -1.000000E+00,    -1.000000E+00,    -9.999979E-01,    -9.999688E-01,    -9.996745E-01,    -9.957264E-01,    -9.233104E-01,    -3.303942E-01,    -3.007912E-02,    -6.269529E-03,    -2.586841E-02,
  4.000000E+01,    -1.000000E+00,    -1.000000E+00,    -9.999983E-01,    -9.999742E-01,    -9.997358E-01,    -9.966398E-01,    -9.409902E-01,    -3.930169E-01,    -3.763329E-02,    -7.437129E-03,    -2.783785E-02,
  4.050000E+01,    -1.000000E+00,    -1.000000E+00,    -9.999987E-01,    -9.999786E-01,    -9.997850E-01,    -9.973500E-01,    -9.546423E-01,    -4.605008E-01,    -4.711578E-02,    -8.849187E-03,    -2.987646E-02,
  4.100000E+01,    -1.000000E+00,    -1.000000E+00,    -9.999989E-01,    -9.999822E-01,    -9.998247E-01,    -9.979038E-01,    -9.651298E-01,    -5.305408E-01,    -5.899442E-02,    -1.055914E-02,    -3.198613E-02,
  4.150000E+01,    -1.000000E+00,    -1.000000E+00,    -9.999991E-01,    -9.999852E-01,    -9.998567E-01,    -9.983370E-01,    -9.731633E-01,    -6.003122E-01,    -7.383018E-02,    -1.263267E-02,    -3.417123E-02,
  4.200000E+01,    -1.000000E+00,    -1.000000E+00,    -9.999993E-01,    -9.999877E-01,    -9.998826E-01,    -9.986768E-01,    -9.793102E-01,    -6.669113E-01,    -9.228100E-02,    -1.515071E-02,    -3.643909E-02,
  4.250000E+01,    -1.000000E+00,    -1.000000E+00,    -9.999995E-01,    -9.999898E-01,    -9.999037E-01,    -9.989441E-01,    -9.840143E-01,    -7.278565E-01,    -1.150943E-01,    -1.821307E-02,    -3.880018E-02,
  4.300000E+01,    -1.000000E+00,    -1.000000E+00,    -9.999996E-01,    -9.999915E-01,    -9.999208E-01,    -9.991551E-01,    -9.876181E-01,    -7.814685E-01,    -1.430798E-01,    -2.194306E-02,    -4.126836E-02,
  4.350000E+01,    -1.000000E+00,    -1.000000E+00,    -9.999997E-01,    -9.999929E-01,    -9.999347E-01,    -9.993221E-01,    -9.903837E-01,    -8.270073E-01,    -1.770524E-01,    -2.649303E-02,    -4.386080E-02,
  4.400000E+01,    -1.000000E+00,    -1.000000E+00,    -9.999998E-01,    -9.999941E-01,    -9.999461E-01,    -9.994547E-01,    -9.925107E-01,    -8.645666E-01,    -2.177335E-01,    -3.205133E-02,    -4.659805E-02,
  4.450000E+01,    -1.000000E+00,    -1.000000E+00,    -9.999998E-01,    -9.999951E-01,    -9.999555E-01,    -9.995602E-01,    -9.941507E-01,    -8.948240E-01,    -2.656034E-01,    -3.885058E-02,    -4.950418E-02,
  4.500000E+01,    -1.000000E+00,    -1.000000E+00,    -9.999999E-01,    -9.999959E-01,    -9.999631E-01,    -9.996445E-01,    -9.954188E-01,    -9.187661E-01,    -3.207124E-01,    -4.717775E-02,    -5.260769E-02,
  4.550000E+01,    -1.000000E+00,    -1.000000E+00,    -9.999999E-01,    -9.999966E-01,    -9.999694E-01,    -9.997120E-01,    -9.964022E-01,    -9.374678E-01,    -3.824804E-01,    -5.738636E-02,    -5.594432E-02,
  4.600000E+01,    -1.000000E+00,    -1.000000E+00,    -1.000000E+00,    -9.999972E-01,    -9.999746E-01,    -9.997662E-01,    -9.971675E-01,    -9.519488E-01,    -4.495510E-01,    -6.991167E-02,    -5.956395E-02,
  4.650000E+01,    -1.000000E+00,    -1.000000E+00,    -1.000000E+00,    -9.999976E-01,    -9.999789E-01,    -9.998100E-01,    -9.977651E-01,    -9.631032E-01,    -5.197889E-01,    -8.529123E-02,    -6.354671E-02,
  4.700000E+01,    -1.000000E+00,    -1.000000E+00,    -1.000000E+00,    -9.999981E-01,    -9.999825E-01,    -9.998455E-01,    -9.982341E-01,    -9.716759E-01,    -5.904941E-01,    -1.041975E-01,    -6.803913E-02,
  4.750000E+01,    -1.000000E+00,    -1.000000E+00,    -1.000000E+00,    -9.999984E-01,    -9.999855E-01,    -9.998744E-01,    -9.986042E-01,    -9.782696E-01,    -6.588345E-01,    -1.275001E-01,    -7.333462E-02,
  4.800000E+01,    -1.000000E+00,    -1.000000E+00,    -1.000000E+00,    -9.999987E-01,    -9.999881E-01,    -9.998982E-01,    -9.988991E-01,    -9.833651E-01,    -7.223974E-01,    -1.564082E-01,    -8.005489E-02,
  4.850000E+01,    -1.000000E+00,    -1.000000E+00,    -1.000000E+00,    -9.999989E-01,    -9.999902E-01,    -9.999183E-01,    -9.991379E-01,    -9.873482E-01,    -7.797042E-01,    -1.928233E-01,    -8.956350E-02,
  4.900000E+01,    -1.000000E+00,    -1.000000E+00,    -1.000000E+00,    -9.999991E-01,    -9.999922E-01,    -9.999357E-01,    -9.993373E-01,    -9.905412E-01,    -8.305991E-01,    -2.402651E-01,    -1.049129E-01,
  4.950000E+01,    -1.000000E+00,    -1.000000E+00,    -1.000000E+00,    -9.999993E-01,    -9.999940E-01,    -9.999517E-01,    -9.995138E-01,    -9.932405E-01,    -8.766066E-01,    -3.063902E-01,    -1.329834E-01,
